IssuedYear,IssuedDate,Issued Within 21 Days,Completed Online,Permit Count,Issued Within 21 Days YTD,Completed Online YTD,Permit Count YTD
2008,2008-01-14,1,0,1,1,0,1
2008,2008-01-15,1,0,1,2,0,2
2008,2008-01-16,9,0,9,11,0,11
2008,2008-01-17,9,0,9,20,0,20
2008,2008-01-18,6,0,6,26,0,26
2008,2008-01-21,4,0,4,30,0,30
2008,2008-01-22,5,0,5,35,0,35
2008,2008-01-23,8,0,8,43,0,43
2008,2008-01-24,8,0,8,51,0,51
2008,2008-01-25,6,0,6,57,0,57
2008,2008-01-28,7,0,7,64,0,64
2008,2008-01-29,7,0,7,71,0,71
2008,2008-01-30,14,0,14,85,0,85
2008,2008-01-31,30,0,30,115,0,115
2008,2008-02-01,13,0,13,128,0,128
2008,2008-02-04,10,0,10,138,0,138
2008,2008-02-05,20,0,20,158,0,158
2008,2008-02-06,22,0,22,180,0,180
2008,2008-02-07,18,0,18,198,0,198
2008,2008-02-08,11,0,11,209,0,209
2008,2008-02-10,11,0,11,220,0,220
2008,2008-02-11,10,0,10,230,0,230
2008,2008-02-12,12,0,15,242,0,245
2008,2008-02-13,16,0,16,258,0,261
2008,2008-02-14,25,0,25,283,0,286
2008,2008-02-15,10,0,10,293,0,296
2008,2008-02-19,12,0,13,305,0,309
2008,2008-02-20,16,0,18,321,0,327
2008,2008-02-21,3,0,5,324,0,332
2008,2008-02-22,2,0,2,326,0,334
2008,2008-02-25,16,0,16,342,0,350
2008,2008-02-26,20,0,22,362,0,372
2008,2008-02-27,18,0,18,380,0,390
2008,2008-02-28,19,0,19,399,0,409
2008,2008-02-29,6,0,6,405,0,415
2008,2008-03-03,8,0,8,413,0,423
2008,2008-03-04,7,0,7,420,0,430
2008,2008-03-05,17,0,22,437,0,452
2008,2008-03-06,17,0,19,454,0,471
2008,2008-03-07,11,0,14,465,0,485
2008,2008-03-10,13,0,14,478,0,499
2008,2008-03-11,19,0,20,497,0,519
2008,2008-03-12,23,0,25,520,0,544
2008,2008-03-13,21,0,23,541,0,567
2008,2008-03-14,16,0,19,557,0,586
2008,2008-03-17,23,0,23,580,0,609
2008,2008-03-18,26,0,28,606,0,637
2008,2008-03-19,21,0,21,627,0,658
2008,2008-03-20,14,0,14,641,0,672
2008,2008-03-24,10,0,11,651,0,683
2008,2008-03-25,20,0,20,671,0,703
2008,2008-03-26,18,0,18,689,0,721
2008,2008-03-27,16,0,17,705,0,738
2008,2008-03-28,17,0,18,722,0,756
2008,2008-03-31,5,0,6,727,0,762
2008,2008-04-01,20,0,20,747,0,782
2008,2008-04-02,18,0,18,765,0,800
2008,2008-04-03,15,0,15,780,0,815
2008,2008-04-04,3,0,7,783,0,822
2008,2008-04-07,11,0,11,794,0,833
2008,2008-04-08,2,0,2,796,0,835
2008,2008-04-10,8,0,9,804,0,844
2008,2008-04-11,9,0,10,813,0,854
2008,2008-04-14,11,0,12,824,0,866
2008,2008-04-15,18,0,21,842,0,887
2008,2008-04-16,19,0,21,861,0,908
2008,2008-04-17,17,0,18,878,0,926
2008,2008-04-18,9,0,11,887,0,937
2008,2008-04-21,17,0,17,904,0,954
2008,2008-04-22,15,0,16,919,0,970
2008,2008-04-23,10,0,11,929,0,981
2008,2008-04-24,9,0,12,938,0,993
2008,2008-04-25,16,0,18,954,0,1011
2008,2008-04-28,17,0,19,971,0,1030
2008,2008-04-29,21,0,27,992,0,1057
2008,2008-04-30,26,0,33,1018,0,1090
2008,2008-05-01,17,0,18,1035,0,1108
2008,2008-05-02,6,0,8,1041,0,1116
2008,2008-05-05,18,0,20,1059,0,1136
2008,2008-05-06,28,0,33,1087,0,1169
2008,2008-05-07,19,0,19,1106,0,1188
2008,2008-05-08,14,0,14,1120,0,1202
2008,2008-05-09,19,0,21,1139,0,1223
2008,2008-05-12,19,0,22,1158,0,1245
2008,2008-05-13,22,0,24,1180,0,1269
2008,2008-05-14,31,0,34,1211,0,1303
2008,2008-05-15,19,0,25,1230,0,1328
2008,2008-05-16,13,0,16,1243,0,1344
2008,2008-05-20,18,0,20,1261,0,1364
2008,2008-05-21,17,0,18,1278,0,1382
2008,2008-05-22,16,0,16,1294,0,1398
2008,2008-05-23,15,0,16,1309,0,1414
2008,2008-05-26,13,0,13,1322,0,1427
2008,2008-05-27,13,0,18,1335,0,1445
2008,2008-05-28,5,0,5,1340,0,1450
2008,2008-05-29,2,0,2,1342,0,1452
2008,2008-06-02,5,0,6,1347,0,1458
2008,2008-06-03,6,0,10,1353,0,1468
2008,2008-06-04,7,0,19,1360,0,1487
2008,2008-06-05,16,0,23,1376,0,1510
2008,2008-06-06,5,0,16,1381,0,1526
2008,2008-06-09,6,0,11,1387,0,1537
2008,2008-06-10,19,0,21,1406,0,1558
2008,2008-06-11,19,0,23,1425,0,1581
2008,2008-06-12,16,0,23,1441,0,1604
2008,2008-06-13,11,0,11,1452,0,1615
2008,2008-06-16,9,0,16,1461,0,1631
2008,2008-06-17,22,0,30,1483,0,1661
2008,2008-06-18,17,0,25,1500,0,1686
2008,2008-06-19,22,0,33,1522,0,1719
2008,2008-06-20,24,0,30,1546,0,1749
2008,2008-06-23,11,0,15,1557,0,1764
2008,2008-06-24,20,0,27,1577,0,1791
2008,2008-06-25,25,0,30,1602,0,1821
2008,2008-06-26,24,0,31,1626,0,1852
2008,2008-06-27,15,0,18,1641,0,1870
2008,2008-06-30,9,0,10,1650,0,1880
2008,2008-07-02,23,0,27,1673,0,1907
2008,2008-07-03,18,0,21,1691,0,1928
2008,2008-07-04,15,0,16,1706,0,1944
2008,2008-07-07,20,0,23,1726,0,1967
2008,2008-07-08,19,0,19,1745,0,1986
2008,2008-07-09,19,0,23,1764,0,2009
2008,2008-07-10,10,0,11,1774,0,2020
2008,2008-07-11,11,0,12,1785,0,2032
2008,2008-07-14,10,0,13,1795,0,2045
2008,2008-07-15,17,0,20,1812,0,2065
2008,2008-07-16,12,0,14,1824,0,2079
2008,2008-07-17,15,0,20,1839,0,2099
2008,2008-07-18,9,0,11,1848,0,2110
2008,2008-07-21,5,0,9,1853,0,2119
2008,2008-07-22,24,0,24,1877,0,2143
2008,2008-07-23,5,0,5,1882,0,2148
2008,2008-07-24,8,0,9,1890,0,2157
2008,2008-07-25,5,0,5,1895,0,2162
2008,2008-07-28,13,0,14,1908,0,2176
2008,2008-07-29,24,0,24,1932,0,2200
2008,2008-07-30,15,0,15,1947,0,2215
2008,2008-07-31,19,0,21,1966,0,2236
2008,2008-08-01,2,0,2,1968,0,2238
2008,2008-08-05,18,0,19,1986,0,2257
2008,2008-08-06,25,0,25,2011,0,2282
2008,2008-08-07,15,0,15,2026,0,2297
2008,2008-08-08,13,0,13,2039,0,2310
2008,2008-08-11,14,0,14,2053,0,2324
2008,2008-08-12,15,0,24,2068,0,2348
2008,2008-08-13,16,0,17,2084,0,2365
2008,2008-08-14,9,0,15,2093,0,2380
2008,2008-08-15,9,0,11,2102,0,2391
2008,2008-08-18,12,0,13,2114,0,2404
2008,2008-08-19,19,0,21,2133,0,2425
2008,2008-08-20,15,0,19,2148,0,2444
2008,2008-08-21,14,0,16,2162,0,2460
2008,2008-08-22,7,0,9,2169,0,2469
2008,2008-08-25,13,0,14,2182,0,2483
2008,2008-08-26,17,0,18,2199,0,2501
2008,2008-08-27,15,0,15,2214,0,2516
2008,2008-08-28,18,0,20,2232,0,2536
2008,2008-08-29,10,0,10,2242,0,2546
2008,2008-09-02,13,0,16,2255,0,2562
2008,2008-09-03,12,0,12,2267,0,2574
2008,2008-09-04,13,0,14,2280,0,2588
2008,2008-09-05,9,0,13,2289,0,2601
2008,2008-09-08,6,0,6,2295,0,2607
2008,2008-09-09,16,0,19,2311,0,2626
2008,2008-09-10,10,0,11,2321,0,2637
2008,2008-09-11,16,0,16,2337,0,2653
2008,2008-09-12,10,0,12,2347,0,2665
2008,2008-09-15,19,0,20,2366,0,2685
2008,2008-09-16,18,0,20,2384,0,2705
2008,2008-09-17,11,0,11,2395,0,2716
2008,2008-09-18,6,0,8,2401,0,2724
2008,2008-09-22,2,0,3,2403,0,2727
2008,2008-09-23,12,0,13,2415,0,2740
2008,2008-09-24,20,0,21,2435,0,2761
2008,2008-09-25,1,0,1,2436,0,2762
2008,2008-09-26,7,0,10,2443,0,2772
2008,2008-09-29,9,0,9,2452,0,2781
2008,2008-09-30,12,0,14,2464,0,2795
2008,2008-10-01,10,0,11,2474,0,2806
2008,2008-10-02,7,0,7,2481,0,2813
2008,2008-10-03,7,0,8,2488,0,2821
2008,2008-10-06,5,0,6,2493,0,2827
2008,2008-10-07,16,0,19,2509,0,2846
2008,2008-10-08,15,0,18,2524,0,2864
2008,2008-10-09,11,0,11,2535,0,2875
2008,2008-10-10,10,0,11,2545,0,2886
2008,2008-10-14,10,0,12,2555,0,2898
2008,2008-10-15,17,0,18,2572,0,2916
2008,2008-10-16,15,0,18,2587,0,2934
2008,2008-10-17,7,0,10,2594,0,2944
2008,2008-10-20,7,0,9,2601,0,2953
2008,2008-10-21,12,0,15,2613,0,2968
2008,2008-10-22,24,0,26,2637,0,2994
2008,2008-10-23,15,0,17,2652,0,3011
2008,2008-10-24,23,0,24,2675,0,3035
2008,2008-10-27,13,0,13,2688,0,3048
2008,2008-10-28,19,0,19,2707,0,3067
2008,2008-10-29,22,0,23,2729,0,3090
2008,2008-10-30,19,0,19,2748,0,3109
2008,2008-10-31,13,0,13,2761,0,3122
2008,2008-11-03,9,0,12,2770,0,3134
2008,2008-11-04,21,0,28,2791,0,3162
2008,2008-11-05,11,0,14,2802,0,3176
2008,2008-11-06,17,0,21,2819,0,3197
2008,2008-11-07,8,0,10,2827,0,3207
2008,2008-11-10,2,0,2,2829,0,3209
2008,2008-11-12,12,0,12,2841,0,3221
2008,2008-11-13,12,0,13,2853,0,3234
2008,2008-11-14,17,0,17,2870,0,3251
2008,2008-11-17,4,0,4,2874,0,3255
2008,2008-11-18,14,0,14,2888,0,3269
2008,2008-11-19,14,0,16,2902,0,3285
2008,2008-11-20,13,0,15,2915,0,3300
2008,2008-11-21,18,0,19,2933,0,3319
2008,2008-11-24,5,0,5,2938,0,3324
2008,2008-11-25,18,0,18,2956,0,3342
2008,2008-11-26,18,0,21,2974,0,3363
2008,2008-11-27,16,0,18,2990,0,3381
2008,2008-11-28,13,0,13,3003,0,3394
2008,2008-12-01,18,0,18,3021,0,3412
2008,2008-12-02,18,0,19,3039,0,3431
2008,2008-12-03,16,0,16,3055,0,3447
2008,2008-12-04,15,0,15,3070,0,3462
2008,2008-12-05,11,0,11,3081,0,3473
2008,2008-12-08,4,0,4,3085,0,3477
2008,2008-12-09,15,0,16,3100,0,3493
2008,2008-12-10,20,0,20,3120,0,3513
2008,2008-12-11,13,0,14,3133,0,3527
2008,2008-12-12,8,0,9,3141,0,3536
2008,2008-12-15,8,0,8,3149,0,3544
2008,2008-12-16,7,0,8,3156,0,3552
2008,2008-12-17,10,0,10,3166,0,3562
2008,2008-12-18,3,0,3,3169,0,3565
2008,2008-12-19,3,0,5,3172,0,3570
2008,2008-12-22,6,0,7,3178,0,3577
2008,2008-12-23,3,0,3,3181,0,3580
2008,2008-12-24,4,0,5,3185,0,3585
2008,2008-12-29,5,0,5,3190,0,3590
2008,2008-12-30,11,0,11,3201,0,3601
2008,2008-12-31,9,0,9,3210,0,3610
2009,2009-01-02,9,0,9,9,0,9
2009,2009-01-05,4,0,4,13,0,13
2009,2009-01-06,20,0,20,33,0,33
2009,2009-01-07,19,0,21,52,0,54
2009,2009-01-08,19,0,19,71,0,73
2009,2009-01-09,5,0,5,76,0,78
2009,2009-01-12,9,0,10,85,0,88
2009,2009-01-13,7,0,7,92,0,95
2009,2009-01-14,10,0,10,102,0,105
2009,2009-01-15,10,0,12,112,0,117
2009,2009-01-16,10,0,11,122,0,128
2009,2009-01-19,9,0,9,131,0,137
2009,2009-01-20,13,0,13,144,0,150
2009,2009-01-21,9,0,9,153,0,159
2009,2009-01-22,5,0,5,158,0,164
2009,2009-01-23,5,0,5,163,0,169
2009,2009-01-26,7,0,7,170,0,176
2009,2009-01-27,10,0,11,180,0,187
2009,2009-01-28,4,0,5,184,0,192
2009,2009-01-29,2,0,2,186,0,194
2009,2009-01-30,3,0,3,189,0,197
2009,2009-02-02,3,0,3,192,0,200
2009,2009-02-03,8,0,8,200,0,208
2009,2009-02-04,2,0,2,202,0,210
2009,2009-02-05,2,0,2,204,0,212
2009,2009-02-06,4,0,4,208,0,216
2009,2009-02-09,10,0,10,218,0,226
2009,2009-02-10,2,0,2,220,0,228
2009,2009-02-11,9,0,9,229,0,237
2009,2009-02-12,8,0,8,237,0,245
2009,2009-02-13,2,0,2,239,0,247
2009,2009-02-17,6,0,6,245,0,253
2009,2009-02-18,6,0,7,251,0,260
2009,2009-02-19,3,0,3,254,0,263
2009,2009-02-20,9,0,10,263,0,273
2009,2009-02-23,8,0,9,271,0,282
2009,2009-02-24,5,0,5,276,0,287
2009,2009-02-25,4,0,4,280,0,291
2009,2009-02-26,6,0,6,286,0,297
2009,2009-02-27,7,0,7,293,0,304
2009,2009-03-02,5,0,5,298,0,309
2009,2009-03-03,7,0,7,305,0,316
2009,2009-03-04,12,0,12,317,0,328
2009,2009-03-05,7,0,7,324,0,335
2009,2009-03-06,3,0,3,327,0,338
2009,2009-03-09,8,0,8,335,0,346
2009,2009-03-10,9,0,9,344,0,355
2009,2009-03-11,9,0,9,353,0,364
2009,2009-03-12,11,0,11,364,0,375
2009,2009-03-13,2,0,2,366,0,377
2009,2009-03-16,5,0,5,371,0,382
2009,2009-03-17,7,0,8,378,0,390
2009,2009-03-18,10,0,10,388,0,400
2009,2009-03-19,7,0,8,395,0,408
2009,2009-03-20,8,0,8,403,0,416
2009,2009-03-23,7,0,7,410,0,423
2009,2009-03-24,7,0,7,417,0,430
2009,2009-03-25,7,0,10,424,0,440
2009,2009-03-26,7,0,7,431,0,447
2009,2009-03-27,5,0,8,436,0,455
2009,2009-03-30,21,0,21,457,0,476
2009,2009-03-31,18,0,18,475,0,494
2009,2009-04-01,5,0,5,480,0,499
2009,2009-04-02,6,0,7,486,0,506
2009,2009-04-03,2,0,2,488,0,508
2009,2009-04-06,6,0,6,494,0,514
2009,2009-04-07,13,0,13,507,0,527
2009,2009-04-08,3,0,3,510,0,530
2009,2009-04-09,8,0,8,518,0,538
2009,2009-04-13,8,0,8,526,0,546
2009,2009-04-14,16,0,16,542,0,562
2009,2009-04-15,15,0,15,557,0,577
2009,2009-04-16,8,0,8,565,0,585
2009,2009-04-17,7,0,7,572,0,592
2009,2009-04-20,8,0,8,580,0,600
2009,2009-04-21,14,0,14,594,0,614
2009,2009-04-22,9,0,10,603,0,624
2009,2009-04-23,15,0,18,618,0,642
2009,2009-04-24,9,0,9,627,0,651
2009,2009-04-27,13,0,13,640,0,664
2009,2009-04-28,32,0,35,672,0,699
2009,2009-04-29,19,0,19,691,0,718
2009,2009-04-30,15,0,17,706,0,735
2009,2009-05-01,6,0,6,712,0,741
2009,2009-05-04,6,0,8,718,0,749
2009,2009-05-05,11,0,15,729,0,764
2009,2009-05-06,20,0,22,749,0,786
2009,2009-05-07,14,0,15,763,0,801
2009,2009-05-08,8,0,10,771,0,811
2009,2009-05-11,12,0,13,783,0,824
2009,2009-05-12,12,0,17,795,0,841
2009,2009-05-13,11,0,16,806,0,857
2009,2009-05-14,17,0,21,823,0,878
2009,2009-05-15,2,0,5,825,0,883
2009,2009-05-19,8,0,11,833,0,894
2009,2009-05-20,13,0,17,846,0,911
2009,2009-05-21,14,0,15,860,0,926
2009,2009-05-22,10,0,11,870,0,937
2009,2009-05-25,7,0,12,877,0,949
2009,2009-05-26,1,0,6,878,0,955
2009,2009-05-27,8,0,15,886,0,970
2009,2009-05-28,7,0,9,893,0,979
2009,2009-05-29,1,0,8,894,0,987
2009,2009-06-01,3,0,12,897,0,999
2009,2009-06-02,2,0,10,899,0,1009
2009,2009-06-03,4,0,11,903,0,1020
2009,2009-06-04,2,0,24,905,0,1044
2009,2009-06-05,4,0,25,909,0,1069
2009,2009-06-08,2,0,13,911,0,1082
2009,2009-06-09,5,0,23,916,0,1105
2009,2009-06-10,2,0,21,918,0,1126
2009,2009-06-11,1,0,14,919,0,1140
2009,2009-06-12,6,0,21,925,0,1161
2009,2009-06-15,4,0,21,929,0,1182
2009,2009-06-16,1,0,11,930,0,1193
2009,2009-06-17,3,0,31,933,0,1224
2009,2009-06-18,3,0,25,936,0,1249
2009,2009-06-19,0,0,5,936,0,1254
2009,2009-06-22,0,0,4,936,0,1258
2009,2009-06-23,0,0,6,936,0,1264
2009,2009-06-24,2,0,13,938,0,1277
2009,2009-06-25,0,0,7,938,0,1284
2009,2009-06-26,2,0,12,940,0,1296
2009,2009-06-29,6,0,14,946,0,1310
2009,2009-06-30,4,0,12,950,0,1322
2009,2009-07-02,2,0,12,952,0,1334
2009,2009-07-03,2,0,7,954,0,1341
2009,2009-07-06,1,0,8,955,0,1349
2009,2009-07-07,5,0,20,960,0,1369
2009,2009-07-08,2,0,23,962,0,1392
2009,2009-07-09,0,0,16,962,0,1408
2009,2009-07-10,5,0,14,967,0,1422
2009,2009-07-13,2,0,6,969,0,1428
2009,2009-07-14,6,0,23,975,0,1451
2009,2009-07-15,2,0,24,977,0,1475
2009,2009-07-16,0,0,15,977,0,1490
2009,2009-07-17,6,0,27,983,0,1517
2009,2009-07-20,1,0,31,984,0,1548
2009,2009-07-21,2,0,32,986,0,1580
2009,2009-07-22,1,0,23,987,0,1603
2009,2009-07-23,1,0,20,988,0,1623
2009,2009-07-24,2,0,16,990,0,1639
2009,2009-07-27,0,0,18,990,0,1657
2009,2009-07-28,2,0,23,992,0,1680
2009,2009-07-29,3,0,23,995,0,1703
2009,2009-07-30,1,0,25,996,0,1728
2009,2009-07-31,3,0,14,999,0,1742
2009,2009-08-04,2,0,20,1001,0,1762
2009,2009-08-05,2,0,25,1003,0,1787
2009,2009-08-06,8,0,35,1011,0,1822
2009,2009-08-07,4,0,21,1015,0,1843
2009,2009-08-10,1,0,21,1016,0,1864
2009,2009-08-11,10,0,40,1026,0,1904
2009,2009-08-12,7,0,51,1033,0,1955
2009,2009-08-13,13,0,47,1046,0,2002
2009,2009-08-14,9,0,29,1055,0,2031
2009,2009-08-17,10,0,26,1065,0,2057
2009,2009-08-18,23,0,38,1088,0,2095
2009,2009-08-19,17,0,33,1105,0,2128
2009,2009-08-20,17,0,30,1122,0,2158
2009,2009-08-21,15,0,21,1137,0,2179
2009,2009-08-24,9,0,17,1146,0,2196
2009,2009-08-25,28,0,49,1174,0,2245
2009,2009-08-26,30,0,39,1204,0,2284
2009,2009-08-27,43,0,49,1247,0,2333
2009,2009-08-28,31,0,40,1278,0,2373
2009,2009-08-31,23,0,32,1301,0,2405
2009,2009-09-01,40,0,43,1341,0,2448
2009,2009-09-02,43,0,44,1384,0,2492
2009,2009-09-03,40,0,42,1424,0,2534
2009,2009-09-04,27,0,30,1451,0,2564
2009,2009-09-08,22,0,22,1473,0,2586
2009,2009-09-09,15,0,15,1488,0,2601
2009,2009-09-10,38,0,43,1526,0,2644
2009,2009-09-11,13,0,14,1539,0,2658
2009,2009-09-14,11,0,15,1550,0,2673
2009,2009-09-15,26,0,29,1576,0,2702
2009,2009-09-16,16,0,17,1592,0,2719
2009,2009-09-17,23,0,23,1615,0,2742
2009,2009-09-18,21,0,22,1636,0,2764
2009,2009-09-21,8,0,8,1644,0,2772
2009,2009-09-22,35,0,35,1679,0,2807
2009,2009-09-23,23,0,26,1702,0,2833
2009,2009-09-24,24,0,26,1726,0,2859
2009,2009-09-25,17,0,20,1743,0,2879
2009,2009-09-28,17,0,19,1760,0,2898
2009,2009-09-29,28,0,33,1788,0,2931
2009,2009-09-30,25,0,31,1813,0,2962
2009,2009-10-01,23,0,27,1836,0,2989
2009,2009-10-02,18,0,18,1854,0,3007
2009,2009-10-05,15,0,16,1869,0,3023
2009,2009-10-06,30,0,35,1899,0,3058
2009,2009-10-07,16,0,19,1915,0,3077
2009,2009-10-08,21,0,23,1936,0,3100
2009,2009-10-09,19,0,21,1955,0,3121
2009,2009-10-13,18,0,22,1973,0,3143
2009,2009-10-14,26,0,28,1999,0,3171
2009,2009-10-15,18,0,20,2017,0,3191
2009,2009-10-16,19,0,20,2036,0,3211
2009,2009-10-19,14,0,14,2050,0,3225
2009,2009-10-20,18,0,24,2068,0,3249
2009,2009-10-21,19,0,24,2087,0,3273
2009,2009-10-22,26,0,31,2113,0,3304
2009,2009-10-23,20,0,21,2133,0,3325
2009,2009-10-26,13,0,14,2146,0,3339
2009,2009-10-27,26,0,29,2172,0,3368
2009,2009-10-28,26,0,27,2198,0,3395
2009,2009-10-29,17,0,22,2215,0,3417
2009,2009-10-30,17,0,24,2232,0,3441
2009,2009-11-02,10,0,16,2242,0,3457
2009,2009-11-03,27,0,38,2269,0,3495
2009,2009-11-04,20,0,23,2289,0,3518
2009,2009-11-05,19,0,31,2308,0,3549
2009,2009-11-06,19,0,21,2327,0,3570
2009,2009-11-09,28,0,34,2355,0,3604
2009,2009-11-10,27,0,40,2382,0,3644
2009,2009-11-11,7,0,7,2389,0,3651
2009,2009-11-12,22,0,29,2411,0,3680
2009,2009-11-13,23,0,31,2434,0,3711
2009,2009-11-16,9,0,19,2443,0,3730
2009,2009-11-17,34,0,47,2477,0,3777
2009,2009-11-18,22,0,25,2499,0,3802
2009,2009-11-19,27,0,27,2526,0,3829
2009,2009-11-20,17,0,18,2543,0,3847
2009,2009-11-23,24,0,24,2567,0,3871
2009,2009-11-24,30,0,34,2597,0,3905
2009,2009-11-25,31,0,34,2628,0,3939
2009,2009-11-26,28,0,29,2656,0,3968
2009,2009-11-27,31,0,36,2687,0,4004
2009,2009-11-30,14,0,14,2701,0,4018
2009,2009-12-01,32,0,39,2733,0,4057
2009,2009-12-02,21,0,21,2754,0,4078
2009,2009-12-03,19,0,21,2773,0,4099
2009,2009-12-04,19,0,19,2792,0,4118
2009,2009-12-07,13,0,14,2805,0,4132
2009,2009-12-08,42,0,44,2847,0,4176
2009,2009-12-09,30,0,34,2877,0,4210
2009,2009-12-10,34,0,41,2911,0,4251
2009,2009-12-11,19,0,27,2930,0,4278
2009,2009-12-14,14,0,14,2944,0,4292
2009,2009-12-15,12,0,16,2956,0,4308
2009,2009-12-16,23,0,25,2979,0,4333
2009,2009-12-17,24,0,27,3003,0,4360
2009,2009-12-18,18,0,25,3021,0,4385
2009,2009-12-21,24,0,24,3045,0,4409
2009,2009-12-22,20,0,27,3065,0,4436
2009,2009-12-23,15,0,23,3080,0,4459
2009,2009-12-24,6,0,9,3086,0,4468
2009,2009-12-28,15,0,20,3101,0,4488
2009,2009-12-29,8,0,18,3109,0,4506
2009,2009-12-30,1,0,16,3110,0,4522
2009,2009-12-31,2,0,12,3112,0,4534
2010,2010-01-04,5,0,14,5,0,14
2010,2010-01-05,12,0,28,17,0,42
2010,2010-01-06,11,0,30,28,0,72
2010,2010-01-07,15,0,27,43,0,99
2010,2010-01-08,6,0,19,49,0,118
2010,2010-01-11,5,0,18,54,0,136
2010,2010-01-12,13,0,44,67,0,180
2010,2010-01-13,7,0,23,74,0,203
2010,2010-01-14,18,0,28,92,0,231
2010,2010-01-15,16,0,21,108,0,252
2010,2010-01-18,11,0,16,119,0,268
2010,2010-01-19,14,0,25,133,0,293
2010,2010-01-20,8,0,9,141,0,302
2010,2010-01-21,9,0,20,150,0,322
2010,2010-01-22,3,0,8,153,0,330
2010,2010-01-25,0,0,6,153,0,336
2010,2010-01-26,9,0,33,162,0,369
2010,2010-01-27,13,0,24,175,0,393
2010,2010-01-28,7,0,24,182,0,417
2010,2010-01-29,16,0,24,198,0,441
2010,2010-02-01,7,0,11,205,0,452
2010,2010-02-02,8,0,13,213,0,465
2010,2010-02-03,16,0,19,229,0,484
2010,2010-02-04,23,0,31,252,0,515
2010,2010-02-05,9,0,9,261,0,524
2010,2010-02-08,13,0,16,274,0,540
2010,2010-02-09,12,0,13,286,0,553
2010,2010-02-10,10,0,14,296,0,567
2010,2010-02-11,17,0,26,313,0,593
2010,2010-02-12,15,0,19,328,0,612
2010,2010-02-16,9,0,16,337,0,628
2010,2010-02-17,18,0,35,355,0,663
2010,2010-02-18,13,0,20,368,0,683
2010,2010-02-19,10,0,15,378,0,698
2010,2010-02-22,11,0,14,389,0,712
2010,2010-02-23,14,0,20,403,0,732
2010,2010-02-24,12,0,23,415,0,755
2010,2010-02-25,24,0,30,439,0,785
2010,2010-02-26,9,0,14,448,0,799
2010,2010-03-01,5,0,15,453,0,814
2010,2010-03-02,6,0,14,459,0,828
2010,2010-03-03,7,0,14,466,0,842
2010,2010-03-04,6,0,15,472,0,857
2010,2010-03-05,11,0,22,483,0,879
2010,2010-03-08,1,0,11,484,0,890
2010,2010-03-09,15,0,24,499,0,914
2010,2010-03-10,1,0,12,500,0,926
2010,2010-03-11,11,0,34,511,0,960
2010,2010-03-12,11,0,18,522,0,978
2010,2010-03-15,10,0,14,532,0,992
2010,2010-03-16,15,0,20,547,0,1012
2010,2010-03-17,12,0,26,559,0,1038
2010,2010-03-18,15,0,32,574,0,1070
2010,2010-03-19,20,0,32,594,0,1102
2010,2010-03-22,8,0,11,602,0,1113
2010,2010-03-23,5,0,13,607,0,1126
2010,2010-03-24,2,0,19,609,0,1145
2010,2010-03-25,7,0,27,616,0,1172
2010,2010-03-26,5,0,18,621,0,1190
2010,2010-03-29,2,0,17,623,0,1207
2010,2010-03-30,10,0,29,633,0,1236
2010,2010-03-31,6,0,32,639,0,1268
2010,2010-04-01,17,0,37,656,0,1305
2010,2010-04-02,28,0,39,684,0,1344
2010,2010-04-03,0,0,4,684,0,1348
2010,2010-04-05,7,0,16,691,0,1364
2010,2010-04-06,7,0,21,698,0,1385
2010,2010-04-07,23,0,36,721,0,1421
2010,2010-04-08,34,0,41,755,0,1462
2010,2010-04-09,15,0,22,770,0,1484
2010,2010-04-12,4,0,7,774,0,1491
2010,2010-04-13,5,0,12,779,0,1503
2010,2010-04-14,14,0,26,793,0,1529
2010,2010-04-15,16,0,23,809,0,1552
2010,2010-04-16,13,0,19,822,0,1571
2010,2010-04-17,4,0,7,826,0,1578
2010,2010-04-18,4,0,4,830,0,1582
2010,2010-04-19,23,0,32,853,0,1614
2010,2010-04-20,24,0,38,877,0,1652
2010,2010-04-21,21,0,40,898,0,1692
2010,2010-04-22,29,0,43,927,0,1735
2010,2010-04-23,30,0,41,957,0,1776
2010,2010-04-24,6,0,8,963,0,1784
2010,2010-04-25,7,0,8,970,0,1792
2010,2010-04-26,19,0,19,989,0,1811
2010,2010-04-27,27,0,35,1016,0,1846
2010,2010-04-28,25,0,25,1041,0,1871
2010,2010-04-29,28,0,31,1069,0,1902
2010,2010-04-30,13,0,14,1082,0,1916
2010,2010-05-03,8,0,13,1090,0,1929
2010,2010-05-04,21,0,28,1111,0,1957
2010,2010-05-05,21,0,28,1132,0,1985
2010,2010-05-06,35,0,35,1167,0,2020
2010,2010-05-07,17,0,24,1184,0,2044
2010,2010-05-10,4,0,6,1188,0,2050
2010,2010-05-11,18,0,22,1206,0,2072
2010,2010-05-12,24,0,30,1230,0,2102
2010,2010-05-13,17,0,23,1247,0,2125
2010,2010-05-14,22,0,22,1269,0,2147
2010,2010-05-17,9,0,9,1278,0,2156
2010,2010-05-18,14,0,21,1292,0,2177
2010,2010-05-19,5,0,6,1297,0,2183
2010,2010-05-20,7,0,9,1304,0,2192
2010,2010-05-21,13,0,18,1317,0,2210
2010,2010-05-25,11,0,15,1328,0,2225
2010,2010-05-26,19,0,31,1347,0,2256
2010,2010-05-27,7,0,24,1354,0,2280
2010,2010-05-28,8,0,21,1362,0,2301
2010,2010-05-29,6,0,11,1368,0,2312
2010,2010-05-31,9,0,13,1377,0,2325
2010,2010-06-01,14,0,29,1391,0,2354
2010,2010-06-02,8,0,27,1399,0,2381
2010,2010-06-03,11,0,21,1410,0,2402
2010,2010-06-04,9,0,14,1419,0,2416
2010,2010-06-05,0,0,1,1419,0,2417
2010,2010-06-07,9,0,15,1428,0,2432
2010,2010-06-08,6,0,18,1434,0,2450
2010,2010-06-09,4,0,23,1438,0,2473
2010,2010-06-10,5,0,17,1443,0,2490
2010,2010-06-11,12,0,36,1455,0,2526
2010,2010-06-14,12,0,27,1467,0,2553
2010,2010-06-15,10,0,21,1477,0,2574
2010,2010-06-16,17,0,30,1494,0,2604
2010,2010-06-17,11,0,29,1505,0,2633
2010,2010-06-18,10,0,28,1515,0,2661
2010,2010-06-19,11,0,11,1526,0,2672
2010,2010-06-20,6,0,6,1532,0,2678
2010,2010-06-21,9,0,12,1541,0,2690
2010,2010-06-22,8,0,13,1549,0,2703
2010,2010-06-23,8,0,24,1557,0,2727
2010,2010-06-24,4,0,11,1561,0,2738
2010,2010-06-25,1,0,11,1562,0,2749
2010,2010-06-28,1,0,2,1563,0,2751
2010,2010-06-29,12,0,25,1575,0,2776
2010,2010-06-30,9,0,41,1584,0,2817
2010,2010-07-01,0,0,2,1584,0,2819
2010,2010-07-02,1,0,8,1585,0,2827
2010,2010-07-04,0,0,7,1585,0,2834
2010,2010-07-05,0,0,8,1585,0,2842
2010,2010-07-06,4,0,23,1589,0,2865
2010,2010-07-07,4,0,38,1593,0,2903
2010,2010-07-08,18,0,33,1611,0,2936
2010,2010-07-09,0,0,11,1611,0,2947
2010,2010-07-11,2,0,3,1613,0,2950
2010,2010-07-12,5,0,15,1618,0,2965
2010,2010-07-13,5,0,24,1623,0,2989
2010,2010-07-14,2,0,31,1625,0,3020
2010,2010-07-15,4,0,42,1629,0,3062
2010,2010-07-16,2,0,17,1631,0,3079
2010,2010-07-17,0,0,8,1631,0,3087
2010,2010-07-18,3,0,14,1634,0,3101
2010,2010-07-19,2,0,23,1636,0,3124
2010,2010-07-20,4,0,18,1640,0,3142
2010,2010-07-21,9,0,28,1649,0,3170
2010,2010-07-22,5,0,18,1654,0,3188
2010,2010-07-23,9,0,19,1663,0,3207
2010,2010-07-25,0,0,7,1663,0,3214
2010,2010-07-26,1,0,11,1664,0,3225
2010,2010-07-27,2,0,18,1666,0,3243
2010,2010-07-28,0,0,13,1666,0,3256
2010,2010-07-29,3,0,22,1669,0,3278
2010,2010-07-30,0,0,6,1669,0,3284
2010,2010-07-31,0,0,3,1669,0,3287
2010,2010-08-03,0,0,10,1669,0,3297
2010,2010-08-04,1,0,9,1670,0,3306
2010,2010-08-05,1,0,15,1671,0,3321
2010,2010-08-06,2,0,17,1673,0,3338
2010,2010-08-07,1,0,8,1674,0,3346
2010,2010-08-09,7,0,19,1681,0,3365
2010,2010-08-10,5,0,34,1686,0,3399
2010,2010-08-11,3,0,24,1689,0,3423
2010,2010-08-12,1,0,13,1690,0,3436
2010,2010-08-13,3,0,19,1693,0,3455
2010,2010-08-15,1,0,5,1694,0,3460
2010,2010-08-16,2,0,13,1696,0,3473
2010,2010-08-17,0,0,11,1696,0,3484
2010,2010-08-18,3,0,17,1699,0,3501
2010,2010-08-19,4,0,15,1703,0,3516
2010,2010-08-20,1,0,7,1704,0,3523
2010,2010-08-23,2,0,5,1706,0,3528
2010,2010-08-24,3,0,29,1709,0,3557
2010,2010-08-25,4,0,28,1713,0,3585
2010,2010-08-26,2,0,30,1715,0,3615
2010,2010-08-27,0,0,12,1715,0,3627
2010,2010-08-29,3,0,15,1718,0,3642
2010,2010-08-30,3,0,12,1721,0,3654
2010,2010-08-31,4,0,28,1725,0,3682
2010,2010-09-01,4,0,15,1729,0,3697
2010,2010-09-02,4,0,14,1733,0,3711
2010,2010-09-03,6,0,12,1739,0,3723
2010,2010-09-07,1,0,12,1740,0,3735
2010,2010-09-08,7,0,25,1747,0,3760
2010,2010-09-09,5,0,15,1752,0,3775
2010,2010-09-10,3,0,15,1755,0,3790
2010,2010-09-13,2,0,13,1757,0,3803
2010,2010-09-14,5,0,19,1762,0,3822
2010,2010-09-15,0,0,13,1762,0,3835
2010,2010-09-16,2,0,13,1764,0,3848
2010,2010-09-17,1,0,8,1765,0,3856
2010,2010-09-21,2,0,7,1767,0,3863
2010,2010-09-22,1,0,4,1768,0,3867
2010,2010-09-23,1,0,12,1769,0,3879
2010,2010-09-24,4,0,18,1773,0,3897
2010,2010-09-27,1,0,4,1774,0,3901
2010,2010-09-28,4,0,15,1778,0,3916
2010,2010-09-29,1,0,5,1779,0,3921
2010,2010-09-30,0,0,17,1779,0,3938
2010,2010-10-01,0,0,13,1779,0,3951
2010,2010-10-04,1,0,11,1780,0,3962
2010,2010-10-05,2,0,22,1782,0,3984
2010,2010-10-06,2,0,24,1784,0,4008
2010,2010-10-07,9,0,26,1793,0,4034
2010,2010-10-08,16,0,29,1809,0,4063
2010,2010-10-12,2,0,13,1811,0,4076
2010,2010-10-13,16,0,21,1827,0,4097
2010,2010-10-14,13,0,20,1840,0,4117
2010,2010-10-15,19,0,22,1859,0,4139
2010,2010-10-18,1,0,1,1860,0,4140
2010,2010-10-19,7,0,14,1867,0,4154
2010,2010-10-20,9,0,18,1876,0,4172
2010,2010-10-21,5,0,9,1881,0,4181
2010,2010-10-22,9,0,25,1890,0,4206
2010,2010-10-25,4,0,8,1894,0,4214
2010,2010-10-26,11,0,17,1905,0,4231
2010,2010-10-27,15,0,21,1920,0,4252
2010,2010-10-28,26,0,35,1946,0,4287
2010,2010-10-29,18,0,23,1964,0,4310
2010,2010-11-01,1,0,2,1965,0,4312
2010,2010-11-02,8,0,13,1973,0,4325
2010,2010-11-03,14,0,16,1987,0,4341
2010,2010-11-04,22,0,28,2009,0,4369
2010,2010-11-05,16,0,20,2025,0,4389
2010,2010-11-08,5,0,11,2030,0,4400
2010,2010-11-09,11,0,15,2041,0,4415
2010,2010-11-10,20,0,22,2061,0,4437
2010,2010-11-12,14,0,14,2075,0,4451
2010,2010-11-13,6,0,6,2081,0,4457
2010,2010-11-15,4,0,4,2085,0,4461
2010,2010-11-16,7,0,14,2092,0,4475
2010,2010-11-17,4,0,7,2096,0,4482
2010,2010-11-18,2,0,3,2098,0,4485
2010,2010-11-19,15,0,17,2113,0,4502
2010,2010-11-21,5,0,5,2118,0,4507
2010,2010-11-22,14,0,17,2132,0,4524
2010,2010-11-23,38,0,40,2170,0,4564
2010,2010-11-24,21,0,23,2191,0,4587
2010,2010-11-25,11,0,22,2202,0,4609
2010,2010-11-26,14,0,17,2216,0,4626
2010,2010-11-27,7,0,7,2223,0,4633
2010,2010-11-28,18,0,20,2241,0,4653
2010,2010-11-29,29,0,34,2270,0,4687
2010,2010-11-30,4,0,6,2274,0,4693
2010,2010-12-01,21,0,25,2295,0,4718
2010,2010-12-02,9,0,11,2304,0,4729
2010,2010-12-03,11,0,20,2315,0,4749
2010,2010-12-05,7,0,7,2322,0,4756
2010,2010-12-06,12,0,13,2334,0,4769
2010,2010-12-07,8,0,9,2342,0,4778
2010,2010-12-08,17,0,21,2359,0,4799
2010,2010-12-09,13,0,14,2372,0,4813
2010,2010-12-10,10,0,15,2382,0,4828
2010,2010-12-13,18,0,23,2400,0,4851
2010,2010-12-14,26,0,31,2426,0,4882
2010,2010-12-15,3,0,12,2429,0,4894
2010,2010-12-16,22,0,25,2451,0,4919
2010,2010-12-17,14,0,22,2465,0,4941
2010,2010-12-18,1,0,5,2466,0,4946
2010,2010-12-20,6,0,10,2472,0,4956
2010,2010-12-21,11,0,17,2483,0,4973
2010,2010-12-22,24,0,25,2507,0,4998
2010,2010-12-23,5,0,7,2512,0,5005
2010,2010-12-27,5,0,5,2517,0,5010
2010,2010-12-28,0,0,5,2517,0,5015
2010,2010-12-29,3,0,13,2520,0,5028
2010,2010-12-30,4,0,9,2524,0,5037
2010,2010-12-31,4,0,8,2528,0,5045
2011,2011-01-03,1,0,6,1,0,6
2011,2011-01-04,8,0,21,9,0,27
2011,2011-01-05,13,0,24,22,0,51
2011,2011-01-06,0,0,2,22,0,53
2011,2011-01-07,6,0,10,28,0,63
2011,2011-01-10,0,0,2,28,0,65
2011,2011-01-11,8,0,30,36,0,95
2011,2011-01-12,9,0,22,45,0,117
2011,2011-01-13,6,0,19,51,0,136
2011,2011-01-14,6,0,14,57,0,150
2011,2011-01-17,6,0,9,63,0,159
2011,2011-01-18,8,0,20,71,0,179
2011,2011-01-19,12,0,25,83,0,204
2011,2011-01-20,3,0,9,86,0,213
2011,2011-01-21,5,0,18,91,0,231
2011,2011-01-24,1,0,3,92,0,234
2011,2011-01-25,7,0,20,99,0,254
2011,2011-01-26,12,0,25,111,0,279
2011,2011-01-27,12,0,14,123,0,293
2011,2011-01-28,20,0,23,143,0,316
2011,2011-01-31,14,0,15,157,0,331
2011,2011-02-01,2,0,2,159,0,333
2011,2011-02-02,16,0,18,175,0,351
2011,2011-02-03,10,0,11,185,0,362
2011,2011-02-04,5,0,5,190,0,367
2011,2011-02-07,6,0,6,196,0,373
2011,2011-02-08,4,0,6,200,0,379
2011,2011-02-09,9,0,9,209,0,388
2011,2011-02-10,3,0,7,212,0,395
2011,2011-02-11,10,0,13,222,0,408
2011,2011-02-14,7,0,12,229,0,420
2011,2011-02-15,12,0,18,241,0,438
2011,2011-02-16,32,0,41,273,0,479
2011,2011-02-17,16,0,19,289,0,498
2011,2011-02-18,14,0,25,303,0,523
2011,2011-02-22,5,0,9,308,0,532
2011,2011-02-23,12,0,12,320,0,544
2011,2011-02-24,15,0,24,335,0,568
2011,2011-02-25,29,0,30,364,0,598
2011,2011-02-26,13,0,13,377,0,611
2011,2011-02-28,22,0,29,399,0,640
2011,2011-03-01,31,0,34,430,0,674
2011,2011-03-02,17,0,22,447,0,696
2011,2011-03-03,20,0,20,467,0,716
2011,2011-03-04,6,0,8,473,0,724
2011,2011-03-07,2,0,6,475,0,730
2011,2011-03-08,23,0,27,498,0,757
2011,2011-03-09,6,0,7,504,0,764
2011,2011-03-10,13,0,13,517,0,777
2011,2011-03-11,10,0,10,527,0,787
2011,2011-03-14,15,0,15,542,0,802
2011,2011-03-15,22,0,24,564,0,826
2011,2011-03-16,23,0,26,587,0,852
2011,2011-03-17,9,0,11,596,0,863
2011,2011-03-18,17,0,17,613,0,880
2011,2011-03-21,12,0,12,625,0,892
2011,2011-03-22,18,0,19,643,0,911
2011,2011-03-23,24,0,26,667,0,937
2011,2011-03-24,15,0,16,682,0,953
2011,2011-03-25,13,0,15,695,0,968
2011,2011-03-28,16,0,18,711,0,986
2011,2011-03-29,23,0,25,734,0,1011
2011,2011-03-30,17,0,19,751,0,1030
2011,2011-03-31,27,0,29,778,0,1059
2011,2011-04-01,14,0,15,792,0,1074
2011,2011-04-04,7,0,7,799,0,1081
2011,2011-04-05,21,0,21,820,0,1102
2011,2011-04-06,13,0,13,833,0,1115
2011,2011-04-07,7,0,7,840,0,1122
2011,2011-04-08,11,0,11,851,0,1133
2011,2011-04-11,13,0,13,864,0,1146
2011,2011-04-12,15,0,15,879,0,1161
2011,2011-04-13,25,0,25,904,0,1186
2011,2011-04-14,20,0,20,924,0,1206
2011,2011-04-15,9,0,9,933,0,1215
2011,2011-04-18,3,0,3,936,0,1218
2011,2011-04-19,4,0,4,940,0,1222
2011,2011-04-20,3,0,3,943,0,1225
2011,2011-04-21,8,0,9,951,0,1234
2011,2011-04-23,3,0,3,954,0,1237
2011,2011-04-24,5,0,6,959,0,1243
2011,2011-04-25,10,0,10,969,0,1253
2011,2011-04-26,40,0,40,1009,0,1293
2011,2011-04-27,30,0,32,1039,0,1325
2011,2011-04-28,23,0,23,1062,0,1348
2011,2011-04-29,15,0,15,1077,0,1363
2011,2011-04-30,9,0,10,1086,0,1373
2011,2011-05-01,9,0,9,1095,0,1382
2011,2011-05-02,10,0,10,1105,0,1392
2011,2011-05-03,25,0,25,1130,0,1417
2011,2011-05-04,12,0,13,1142,0,1430
2011,2011-05-05,22,0,23,1164,0,1453
2011,2011-05-06,17,0,18,1181,0,1471
2011,2011-05-07,20,0,20,1201,0,1491
2011,2011-05-09,6,0,7,1207,0,1498
2011,2011-05-10,23,0,23,1230,0,1521
2011,2011-05-11,13,0,13,1243,0,1534
2011,2011-05-12,13,0,13,1256,0,1547
2011,2011-05-13,11,0,11,1267,0,1558
2011,2011-05-16,12,0,16,1279,0,1574
2011,2011-05-17,18,0,22,1297,0,1596
2011,2011-05-18,13,0,18,1310,0,1614
2011,2011-05-19,16,0,16,1326,0,1630
2011,2011-05-20,33,0,34,1359,0,1664
2011,2011-05-24,17,0,20,1376,0,1684
2011,2011-05-25,23,0,23,1399,0,1707
2011,2011-05-26,10,0,13,1409,0,1720
2011,2011-05-27,12,0,14,1421,0,1734
2011,2011-05-30,10,0,12,1431,0,1746
2011,2011-05-31,25,0,28,1456,0,1774
2011,2011-06-01,12,0,13,1468,0,1787
2011,2011-06-02,14,0,15,1482,0,1802
2011,2011-06-03,9,0,11,1491,0,1813
2011,2011-06-06,20,0,21,1511,0,1834
2011,2011-06-07,13,0,13,1524,0,1847
2011,2011-06-08,13,0,15,1537,0,1862
2011,2011-06-09,12,0,16,1549,0,1878
2011,2011-06-10,10,0,10,1559,0,1888
2011,2011-06-13,6,0,11,1565,0,1899
2011,2011-06-14,14,0,20,1579,0,1919
2011,2011-06-15,33,0,36,1612,0,1955
2011,2011-06-16,17,0,18,1629,0,1973
2011,2011-06-17,19,0,19,1648,0,1992
2011,2011-06-18,0,0,4,1648,0,1996
2011,2011-06-19,3,0,3,1651,0,1999
2011,2011-06-20,17,0,22,1668,0,2021
2011,2011-06-21,14,0,20,1682,0,2041
2011,2011-06-22,14,0,15,1696,0,2056
2011,2011-06-23,11,0,14,1707,0,2070
2011,2011-06-24,10,0,10,1717,0,2080
2011,2011-06-27,11,0,11,1728,0,2091
2011,2011-06-28,12,0,18,1740,0,2109
2011,2011-06-29,6,0,13,1746,0,2122
2011,2011-06-30,10,0,21,1756,0,2143
2011,2011-07-04,11,0,13,1767,0,2156
2011,2011-07-05,7,0,20,1774,0,2176
2011,2011-07-06,10,0,22,1784,0,2198
2011,2011-07-07,6,0,15,1790,0,2213
2011,2011-07-08,2,0,7,1792,0,2220
2011,2011-07-09,0,0,13,1792,0,2233
2011,2011-07-10,1,0,7,1793,0,2240
2011,2011-07-11,7,0,7,1800,0,2247
2011,2011-07-12,10,0,27,1810,0,2274
2011,2011-07-13,9,0,21,1819,0,2295
2011,2011-07-14,8,0,16,1827,0,2311
2011,2011-07-15,8,0,16,1835,0,2327
2011,2011-07-16,0,0,6,1835,0,2333
2011,2011-07-17,7,0,11,1842,0,2344
2011,2011-07-18,2,0,11,1844,0,2355
2011,2011-07-19,12,0,25,1856,0,2380
2011,2011-07-20,16,0,25,1872,0,2405
2011,2011-07-21,8,0,16,1880,0,2421
2011,2011-07-22,3,0,12,1883,0,2433
2011,2011-07-25,2,0,6,1885,0,2439
2011,2011-07-26,10,0,37,1895,0,2476
2011,2011-07-27,11,0,28,1906,0,2504
2011,2011-07-28,52,0,62,1958,0,2566
2011,2011-07-29,12,0,16,1970,0,2582
2011,2011-07-30,7,0,7,1977,0,2589
2011,2011-07-31,10,0,11,1987,0,2600
2011,2011-08-01,5,0,8,1992,0,2608
2011,2011-08-02,14,0,14,2006,0,2622
2011,2011-08-03,15,0,28,2021,0,2650
2011,2011-08-04,13,0,18,2034,0,2668
2011,2011-08-05,7,0,10,2041,0,2678
2011,2011-08-07,0,0,5,2041,0,2683
2011,2011-08-08,2,0,2,2043,0,2685
2011,2011-08-09,17,0,27,2060,0,2712
2011,2011-08-10,8,0,17,2068,0,2729
2011,2011-08-11,5,0,14,2073,0,2743
2011,2011-08-12,5,0,7,2078,0,2750
2011,2011-08-15,4,0,5,2082,0,2755
2011,2011-08-16,15,0,22,2097,0,2777
2011,2011-08-17,4,0,7,2101,0,2784
2011,2011-08-18,2,0,12,2103,0,2796
2011,2011-08-19,5,0,13,2108,0,2809
2011,2011-08-22,1,0,4,2109,0,2813
2011,2011-08-23,18,0,20,2127,0,2833
2011,2011-08-24,5,0,9,2132,0,2842
2011,2011-08-25,1,0,13,2133,0,2855
2011,2011-08-26,5,0,10,2138,0,2865
2011,2011-08-27,0,0,1,2138,0,2866
2011,2011-08-28,0,0,2,2138,0,2868
2011,2011-08-29,1,0,5,2139,0,2873
2011,2011-08-30,33,0,40,2172,0,2913
2011,2011-08-31,16,0,30,2188,0,2943
2011,2011-09-01,5,0,27,2193,0,2970
2011,2011-09-02,8,0,16,2201,0,2986
2011,2011-09-03,4,0,18,2205,0,3004
2011,2011-09-06,14,0,27,2219,0,3031
2011,2011-09-07,1,0,13,2220,0,3044
2011,2011-09-08,4,0,21,2224,0,3065
2011,2011-09-09,1,0,12,2225,0,3077
2011,2011-09-11,8,0,8,2233,0,3085
2011,2011-09-12,12,0,15,2245,0,3100
2011,2011-09-13,5,0,13,2250,0,3113
2011,2011-09-14,6,0,14,2256,0,3127
2011,2011-09-15,4,0,17,2260,0,3144
2011,2011-09-16,6,0,22,2266,0,3166
2011,2011-09-19,1,0,1,2267,0,3167
2011,2011-09-20,19,0,28,2286,0,3195
2011,2011-09-21,13,0,19,2299,0,3214
2011,2011-09-22,10,0,21,2309,0,3235
2011,2011-09-23,12,0,17,2321,0,3252
2011,2011-09-24,3,0,3,2324,0,3255
2011,2011-09-25,1,0,10,2325,0,3265
2011,2011-09-26,17,0,21,2342,0,3286
2011,2011-09-27,6,0,36,2348,0,3322
2011,2011-09-28,10,0,19,2358,0,3341
2011,2011-09-29,6,0,21,2364,0,3362
2011,2011-09-30,0,0,5,2364,0,3367
2011,2011-10-03,0,0,1,2364,0,3368
2011,2011-10-04,5,0,10,2369,0,3378
2011,2011-10-05,2,0,23,2371,0,3401
2011,2011-10-06,17,0,25,2388,0,3426
2011,2011-10-07,11,0,18,2399,0,3444
2011,2011-10-08,1,0,5,2400,0,3449
2011,2011-10-10,3,0,3,2403,0,3452
2011,2011-10-11,21,0,25,2424,0,3477
2011,2011-10-12,17,0,29,2441,0,3506
2011,2011-10-13,23,0,29,2464,0,3535
2011,2011-10-14,27,0,30,2491,0,3565
2011,2011-10-16,5,0,5,2496,0,3570
2011,2011-10-17,36,0,38,2532,0,3608
2011,2011-10-18,40,0,49,2572,0,3657
2011,2011-10-19,18,0,19,2590,0,3676
2011,2011-10-20,23,0,37,2613,0,3713
2011,2011-10-21,9,0,12,2622,0,3725
2011,2011-10-24,17,0,20,2639,0,3745
2011,2011-10-25,17,0,17,2656,0,3762
2011,2011-10-26,15,0,15,2671,0,3777
2011,2011-10-27,15,0,19,2686,0,3796
2011,2011-10-28,13,0,13,2699,0,3809
2011,2011-10-29,7,0,7,2706,0,3816
2011,2011-10-30,9,0,9,2715,0,3825
2011,2011-10-31,26,0,28,2741,0,3853
2011,2011-11-01,31,0,37,2772,0,3890
2011,2011-11-02,19,0,25,2791,0,3915
2011,2011-11-03,14,0,21,2805,0,3936
2011,2011-11-04,6,0,15,2811,0,3951
2011,2011-11-07,9,0,19,2820,0,3970
2011,2011-11-08,9,0,9,2829,0,3979
2011,2011-11-09,21,0,22,2850,0,4001
2011,2011-11-10,14,0,16,2864,0,4017
2011,2011-11-11,7,0,7,2871,0,4024
2011,2011-11-13,15,0,15,2886,0,4039
2011,2011-11-14,22,0,24,2908,0,4063
2011,2011-11-15,19,0,22,2927,0,4085
2011,2011-11-16,10,0,12,2937,0,4097
2011,2011-11-17,13,0,16,2950,0,4113
2011,2011-11-18,11,0,12,2961,0,4125
2011,2011-11-20,0,0,8,2961,0,4133
2011,2011-11-21,40,0,46,3001,0,4179
2011,2011-11-22,19,0,19,3020,0,4198
2011,2011-11-23,14,0,19,3034,0,4217
2011,2011-11-24,14,0,30,3048,0,4247
2011,2011-11-25,10,0,13,3058,0,4260
2011,2011-11-27,21,0,21,3079,0,4281
2011,2011-11-28,13,0,21,3092,0,4302
2011,2011-11-29,28,0,38,3120,0,4340
2011,2011-11-30,10,0,17,3130,0,4357
2011,2011-12-01,30,0,33,3160,0,4390
2011,2011-12-02,3,0,5,3163,0,4395
2011,2011-12-05,49,0,51,3212,0,4446
2011,2011-12-06,39,0,43,3251,0,4489
2011,2011-12-07,14,0,17,3265,0,4506
2011,2011-12-08,26,0,32,3291,0,4538
2011,2011-12-09,16,0,17,3307,0,4555
2011,2011-12-12,7,0,9,3314,0,4564
2011,2011-12-13,15,0,15,3329,0,4579
2011,2011-12-14,13,0,17,3342,0,4596
2011,2011-12-15,11,0,16,3353,0,4612
2011,2011-12-16,9,0,9,3362,0,4621
2011,2011-12-17,8,0,10,3370,0,4631
2011,2011-12-18,11,0,11,3381,0,4642
2011,2011-12-19,38,0,43,3419,0,4685
2011,2011-12-20,14,0,19,3433,0,4704
2011,2011-12-21,13,0,14,3446,0,4718
2011,2011-12-22,14,0,14,3460,0,4732
2011,2011-12-23,4,0,7,3464,0,4739
2011,2011-12-27,7,0,9,3471,0,4748
2011,2011-12-28,3,0,3,3474,0,4751
2011,2011-12-29,4,0,4,3478,0,4755
2011,2011-12-30,9,0,10,3487,0,4765
2012,2012-01-02,16,0,22,16,0,22
2012,2012-01-03,20,0,20,36,0,42
2012,2012-01-04,24,0,25,60,0,67
2012,2012-01-05,16,0,21,76,0,88
2012,2012-01-06,12,0,13,88,0,101
2012,2012-01-09,9,0,10,97,0,111
2012,2012-01-10,18,0,24,115,0,135
2012,2012-01-11,20,0,21,135,0,156
2012,2012-01-12,23,0,29,158,0,185
2012,2012-01-13,8,0,11,166,0,196
2012,2012-01-15,9,0,9,175,0,205
2012,2012-01-16,33,0,41,208,0,246
2012,2012-01-17,32,0,37,240,0,283
2012,2012-01-18,11,0,14,251,0,297
2012,2012-01-19,34,0,41,285,0,338
2012,2012-01-20,25,1,26,310,1,364
2012,2012-01-23,15,0,18,325,1,382
2012,2012-01-24,8,0,12,333,1,394
2012,2012-01-25,22,0,28,355,1,422
2012,2012-01-26,8,0,9,363,1,431
2012,2012-01-27,14,0,14,377,1,445
2012,2012-01-30,14,0,14,391,1,459
2012,2012-01-31,32,0,34,423,1,493
2012,2012-02-01,24,0,24,447,1,517
2012,2012-02-02,18,0,20,465,1,537
2012,2012-02-03,16,0,16,481,1,553
2012,2012-02-06,9,0,12,490,1,565
2012,2012-02-07,14,0,15,504,1,580
2012,2012-02-08,12,0,13,516,1,593
2012,2012-02-09,25,0,27,541,1,620
2012,2012-02-10,17,0,18,558,1,638
2012,2012-02-13,14,0,14,572,1,652
2012,2012-02-14,26,0,28,598,1,680
2012,2012-02-15,14,0,14,612,1,694
2012,2012-02-16,21,0,21,633,1,715
2012,2012-02-17,8,0,8,641,1,723
2012,2012-02-21,13,0,13,654,1,736
2012,2012-02-22,20,0,20,674,1,756
2012,2012-02-23,20,1,20,694,2,776
2012,2012-02-24,12,0,14,706,2,790
2012,2012-02-27,8,0,8,714,2,798
2012,2012-02-28,17,0,18,731,2,816
2012,2012-02-29,17,0,19,748,2,835
2012,2012-03-01,21,0,21,769,2,856
2012,2012-03-02,20,0,20,789,2,876
2012,2012-03-05,13,0,13,802,2,889
2012,2012-03-06,25,0,25,827,2,914
2012,2012-03-07,13,0,13,840,2,927
2012,2012-03-08,20,0,20,860,2,947
2012,2012-03-09,11,0,11,871,2,958
2012,2012-03-12,7,0,8,878,2,966
2012,2012-03-13,13,0,13,891,2,979
2012,2012-03-14,15,0,18,906,2,997
2012,2012-03-15,12,0,12,918,2,1009
2012,2012-03-16,24,0,26,942,2,1035
2012,2012-03-19,6,0,9,948,2,1044
2012,2012-03-20,21,0,23,969,2,1067
2012,2012-03-21,19,0,20,988,2,1087
2012,2012-03-22,25,0,26,1013,2,1113
2012,2012-03-23,17,0,17,1030,2,1130
2012,2012-03-25,5,0,5,1035,2,1135
2012,2012-03-26,24,0,24,1059,2,1159
2012,2012-03-27,27,0,28,1086,2,1187
2012,2012-03-28,19,0,19,1105,2,1206
2012,2012-03-29,23,0,24,1128,2,1230
2012,2012-03-30,17,0,17,1145,2,1247
2012,2012-04-02,18,0,18,1163,2,1265
2012,2012-04-03,17,0,18,1180,2,1283
2012,2012-04-04,19,0,22,1199,2,1305
2012,2012-04-05,10,0,10,1209,2,1315
2012,2012-04-09,4,0,6,1213,2,1321
2012,2012-04-10,12,0,14,1225,2,1335
2012,2012-04-11,26,0,29,1251,2,1364
2012,2012-04-12,12,0,15,1263,2,1379
2012,2012-04-13,8,0,11,1271,2,1390
2012,2012-04-14,2,0,2,1273,2,1392
2012,2012-04-15,6,0,6,1279,2,1398
2012,2012-04-16,11,0,11,1290,2,1409
2012,2012-04-17,10,0,11,1300,2,1420
2012,2012-04-18,11,0,14,1311,2,1434
2012,2012-04-19,7,0,10,1318,2,1444
2012,2012-04-20,18,0,19,1336,2,1463
2012,2012-04-22,4,0,4,1340,2,1467
2012,2012-04-23,11,0,14,1351,2,1481
2012,2012-04-24,25,0,26,1376,2,1507
2012,2012-04-25,12,0,16,1388,2,1523
2012,2012-04-26,10,0,12,1398,2,1535
2012,2012-04-27,7,0,9,1405,2,1544
2012,2012-04-30,4,0,4,1409,2,1548
2012,2012-05-01,9,0,15,1418,2,1563
2012,2012-05-02,3,0,5,1421,2,1568
2012,2012-05-03,15,0,25,1436,2,1593
2012,2012-05-04,17,0,17,1453,2,1610
2012,2012-05-06,7,0,7,1460,2,1617
2012,2012-05-07,37,0,45,1497,2,1662
2012,2012-05-08,14,0,24,1511,2,1686
2012,2012-05-09,13,0,25,1524,2,1711
2012,2012-05-10,6,0,11,1530,2,1722
2012,2012-05-11,3,0,6,1533,2,1728
2012,2012-05-13,4,0,4,1537,2,1732
2012,2012-05-14,9,0,13,1546,2,1745
2012,2012-05-15,24,0,30,1570,2,1775
2012,2012-05-16,17,0,22,1587,2,1797
2012,2012-05-17,17,0,23,1604,2,1820
2012,2012-05-18,14,0,24,1618,2,1844
2012,2012-05-20,0,0,2,1618,2,1846
2012,2012-05-21,5,0,5,1623,2,1851
2012,2012-05-22,34,0,51,1657,2,1902
2012,2012-05-23,5,0,11,1662,2,1913
2012,2012-05-24,13,0,21,1675,2,1934
2012,2012-05-25,11,0,18,1686,2,1952
2012,2012-05-27,20,0,20,1706,2,1972
2012,2012-05-28,36,0,44,1742,2,2016
2012,2012-05-29,17,0,28,1759,2,2044
2012,2012-05-30,8,0,16,1767,2,2060
2012,2012-05-31,11,0,22,1778,2,2082
2012,2012-06-01,7,0,7,1785,2,2089
2012,2012-06-02,4,0,4,1789,2,2093
2012,2012-06-03,14,0,14,1803,2,2107
2012,2012-06-04,30,0,36,1833,2,2143
2012,2012-06-05,18,0,21,1851,2,2164
2012,2012-06-06,6,0,15,1857,2,2179
2012,2012-06-07,28,0,36,1885,2,2215
2012,2012-06-08,9,0,22,1894,2,2237
2012,2012-06-09,10,0,10,1904,2,2247
2012,2012-06-10,7,0,7,1911,2,2254
2012,2012-06-11,17,0,20,1928,2,2274
2012,2012-06-12,28,0,36,1956,2,2310
2012,2012-06-13,22,0,26,1978,2,2336
2012,2012-06-14,19,0,32,1997,2,2368
2012,2012-06-15,13,0,15,2010,2,2383
2012,2012-06-17,4,0,5,2014,2,2388
2012,2012-06-18,15,0,30,2029,2,2418
2012,2012-06-19,25,0,29,2054,2,2447
2012,2012-06-20,19,0,23,2073,2,2470
2012,2012-06-21,22,0,28,2095,2,2498
2012,2012-06-22,6,0,6,2101,2,2504
2012,2012-06-23,10,0,10,2111,2,2514
2012,2012-06-24,6,0,6,2117,2,2520
2012,2012-06-25,14,0,16,2131,2,2536
2012,2012-06-26,32,0,41,2163,2,2577
2012,2012-06-27,21,0,25,2184,2,2602
2012,2012-06-28,19,0,27,2203,2,2629
2012,2012-06-29,8,0,14,2211,2,2643
2012,2012-06-30,5,0,5,2216,2,2648
2012,2012-07-03,19,0,25,2235,2,2673
2012,2012-07-04,8,0,20,2243,2,2693
2012,2012-07-05,8,0,14,2251,2,2707
2012,2012-07-06,5,0,12,2256,2,2719
2012,2012-07-08,2,0,2,2258,2,2721
2012,2012-07-09,24,0,35,2282,2,2756
2012,2012-07-10,16,0,37,2298,2,2793
2012,2012-07-11,8,0,12,2306,2,2805
2012,2012-07-12,12,0,22,2318,2,2827
2012,2012-07-13,7,0,9,2325,2,2836
2012,2012-07-15,5,0,5,2330,2,2841
2012,2012-07-16,12,0,38,2342,2,2879
2012,2012-07-17,11,0,21,2353,2,2900
2012,2012-07-18,12,0,19,2365,2,2919
2012,2012-07-19,21,0,34,2386,2,2953
2012,2012-07-20,17,0,34,2403,2,2987
2012,2012-07-21,1,0,4,2404,2,2991
2012,2012-07-22,5,0,5,2409,2,2996
2012,2012-07-23,15,0,20,2424,2,3016
2012,2012-07-24,63,0,76,2487,2,3092
2012,2012-07-25,20,0,23,2507,2,3115
2012,2012-07-26,15,0,25,2522,2,3140
2012,2012-07-27,4,0,19,2526,2,3159
2012,2012-07-28,5,0,8,2531,2,3167
2012,2012-07-30,28,0,39,2559,2,3206
2012,2012-07-31,6,0,17,2565,2,3223
2012,2012-08-01,11,0,20,2576,2,3243
2012,2012-08-02,15,0,25,2591,2,3268
2012,2012-08-03,1,0,2,2592,2,3270
2012,2012-08-04,3,0,4,2595,2,3274
2012,2012-08-07,29,0,33,2624,2,3307
2012,2012-08-08,24,0,31,2648,2,3338
2012,2012-08-09,18,0,27,2666,2,3365
2012,2012-08-10,12,0,15,2678,2,3380
2012,2012-08-13,32,0,33,2710,2,3413
2012,2012-08-14,29,0,39,2739,2,3452
2012,2012-08-15,18,0,21,2757,2,3473
2012,2012-08-16,25,0,30,2782,2,3503
2012,2012-08-17,15,0,18,2797,2,3521
2012,2012-08-20,21,0,22,2818,2,3543
2012,2012-08-21,37,0,44,2855,2,3587
2012,2012-08-22,20,0,28,2875,2,3615
2012,2012-08-23,13,0,20,2888,2,3635
2012,2012-08-24,13,0,16,2901,2,3651
2012,2012-08-26,8,0,10,2909,2,3661
2012,2012-08-27,54,0,56,2963,2,3717
2012,2012-08-28,50,0,52,3013,2,3769
2012,2012-08-29,19,0,22,3032,2,3791
2012,2012-08-30,16,0,21,3048,2,3812
2012,2012-08-31,8,0,11,3056,2,3823
2012,2012-09-01,4,0,4,3060,2,3827
2012,2012-09-04,36,0,39,3096,2,3866
2012,2012-09-05,7,0,8,3103,2,3874
2012,2012-09-06,12,0,16,3115,2,3890
2012,2012-09-07,10,0,16,3125,2,3906
2012,2012-09-10,4,0,6,3129,2,3912
2012,2012-09-11,14,0,17,3143,2,3929
2012,2012-09-12,17,0,20,3160,2,3949
2012,2012-09-13,14,0,15,3174,2,3964
2012,2012-09-14,9,0,12,3183,2,3976
2012,2012-09-17,15,0,16,3198,2,3992
2012,2012-09-18,21,0,23,3219,2,4015
2012,2012-09-19,9,0,10,3228,2,4025
2012,2012-09-20,13,0,13,3241,2,4038
2012,2012-09-21,10,0,12,3251,2,4050
2012,2012-09-24,20,0,20,3271,2,4070
2012,2012-09-25,31,0,31,3302,2,4101
2012,2012-09-26,12,0,13,3314,2,4114
2012,2012-09-27,47,0,49,3361,2,4163
2012,2012-09-28,25,0,25,3386,2,4188
2012,2012-09-29,18,0,18,3404,2,4206
2012,2012-09-30,26,0,32,3430,2,4238
2012,2012-10-01,12,0,13,3442,2,4251
2012,2012-10-02,16,0,18,3458,2,4269
2012,2012-10-03,15,0,15,3473,2,4284
2012,2012-10-04,8,0,8,3481,2,4292
2012,2012-10-05,23,0,23,3504,2,4315
2012,2012-10-08,22,0,22,3526,2,4337
2012,2012-10-09,32,0,34,3558,2,4371
2012,2012-10-10,10,0,11,3568,2,4382
2012,2012-10-11,13,0,14,3581,2,4396
2012,2012-10-12,31,0,32,3612,2,4428
2012,2012-10-15,1,0,1,3613,2,4429
2012,2012-10-16,29,0,31,3642,2,4460
2012,2012-10-17,9,0,9,3651,2,4469
2012,2012-10-18,18,0,24,3669,2,4493
2012,2012-10-19,13,0,15,3682,2,4508
2012,2012-10-22,5,0,6,3687,2,4514
2012,2012-10-23,35,0,37,3722,2,4551
2012,2012-10-24,10,0,10,3732,2,4561
2012,2012-10-25,22,0,24,3754,2,4585
2012,2012-10-26,20,0,24,3774,2,4609
2012,2012-10-29,16,0,19,3790,2,4628
2012,2012-10-30,39,0,42,3829,2,4670
2012,2012-10-31,28,0,28,3857,2,4698
2012,2012-11-01,20,0,20,3877,2,4718
2012,2012-11-02,19,0,19,3896,2,4737
2012,2012-11-05,12,0,15,3908,2,4752
2012,2012-11-06,14,0,18,3922,2,4770
2012,2012-11-07,13,0,14,3935,2,4784
2012,2012-11-08,30,0,30,3965,2,4814
2012,2012-11-09,13,0,14,3978,2,4828
2012,2012-11-12,3,0,4,3981,2,4832
2012,2012-11-13,14,0,16,3995,2,4848
2012,2012-11-14,5,0,9,4000,2,4857
2012,2012-11-15,31,0,31,4031,2,4888
2012,2012-11-16,23,0,23,4054,2,4911
2012,2012-11-19,12,0,13,4066,2,4924
2012,2012-11-20,25,0,30,4091,2,4954
2012,2012-11-21,13,0,14,4104,2,4968
2012,2012-11-22,28,0,31,4132,2,4999
2012,2012-11-23,18,0,20,4150,2,5019
2012,2012-11-26,10,0,10,4160,2,5029
2012,2012-11-27,25,0,27,4185,2,5056
2012,2012-11-28,24,0,25,4209,2,5081
2012,2012-11-29,28,0,33,4237,2,5114
2012,2012-11-30,19,0,19,4256,2,5133
2012,2012-12-03,7,0,7,4263,2,5140
2012,2012-12-04,27,0,30,4290,2,5170
2012,2012-12-05,19,0,22,4309,2,5192
2012,2012-12-06,18,0,19,4327,2,5211
2012,2012-12-07,11,0,11,4338,2,5222
2012,2012-12-10,9,0,10,4347,2,5232
2012,2012-12-11,22,0,23,4369,2,5255
2012,2012-12-12,21,0,21,4390,2,5276
2012,2012-12-13,17,0,17,4407,2,5293
2012,2012-12-14,11,0,12,4418,2,5305
2012,2012-12-17,6,0,7,4424,2,5312
2012,2012-12-18,29,0,29,4453,2,5341
2012,2012-12-19,36,0,36,4489,2,5377
2012,2012-12-20,30,0,30,4519,2,5407
2012,2012-12-21,4,0,6,4523,2,5413
2012,2012-12-24,2,0,2,4525,2,5415
2012,2012-12-27,0,0,1,4525,2,5416
2012,2012-12-28,2,0,4,4527,2,5420
2012,2012-12-29,14,0,14,4541,2,5434
2012,2012-12-30,17,0,17,4558,2,5451
2012,2012-12-31,35,0,37,4593,2,5488
2013,2013-01-01,9,0,10,9,0,10
2013,2013-01-02,18,0,26,27,0,36
2013,2013-01-03,2,0,4,29,0,40
2013,2013-01-04,22,0,29,51,0,69
2013,2013-01-07,3,0,4,54,0,73
2013,2013-01-08,19,0,21,73,0,94
2013,2013-01-09,20,0,22,93,0,116
2013,2013-01-10,27,0,29,120,0,145
2013,2013-01-11,27,0,30,147,0,175
2013,2013-01-13,4,0,4,151,0,179
2013,2013-01-14,4,0,7,155,0,186
2013,2013-01-15,14,0,16,169,0,202
2013,2013-01-16,29,0,36,198,0,238
2013,2013-01-17,30,0,37,228,0,275
2013,2013-01-18,17,0,19,245,0,294
2013,2013-01-21,2,0,6,247,0,300
2013,2013-01-22,13,0,16,260,0,316
2013,2013-01-23,11,0,13,271,0,329
2013,2013-01-24,43,0,51,314,0,380
2013,2013-01-25,21,0,26,335,0,406
2013,2013-01-28,1,0,2,336,0,408
2013,2013-01-29,9,0,12,345,0,420
2013,2013-01-30,23,0,29,368,0,449
2013,2013-01-31,18,0,20,386,0,469
2013,2013-02-01,22,0,25,408,0,494
2013,2013-02-04,13,0,14,421,0,508
2013,2013-02-05,26,0,26,447,0,534
2013,2013-02-06,9,0,12,456,0,546
2013,2013-02-07,18,0,22,474,0,568
2013,2013-02-08,20,0,22,494,0,590
2013,2013-02-11,6,0,6,500,0,596
2013,2013-02-12,10,0,13,510,0,609
2013,2013-02-13,17,0,18,527,0,627
2013,2013-02-14,21,0,24,548,0,651
2013,2013-02-15,3,0,4,551,0,655
2013,2013-02-19,22,0,23,573,0,678
2013,2013-02-20,17,0,17,590,0,695
2013,2013-02-21,31,0,32,621,0,727
2013,2013-02-22,27,0,27,648,0,754
2013,2013-02-25,10,0,10,658,0,764
2013,2013-02-26,29,0,30,687,0,794
2013,2013-02-27,8,0,8,695,0,802
2013,2013-02-28,16,0,16,711,0,818
2013,2013-03-01,34,0,36,745,0,854
2013,2013-03-04,14,0,20,759,0,874
2013,2013-03-05,24,0,26,783,0,900
2013,2013-03-06,14,0,16,797,0,916
2013,2013-03-07,26,0,26,823,0,942
2013,2013-03-08,11,0,12,834,0,954
2013,2013-03-11,10,0,10,844,0,964
2013,2013-03-12,35,0,36,879,0,1000
2013,2013-03-13,24,0,24,903,0,1024
2013,2013-03-14,31,0,34,934,0,1058
2013,2013-03-15,31,0,32,965,0,1090
2013,2013-03-18,25,0,25,990,0,1115
2013,2013-03-19,24,0,24,1014,0,1139
2013,2013-03-20,22,0,34,1036,0,1173
2013,2013-03-21,31,0,31,1067,0,1204
2013,2013-03-22,25,0,31,1092,0,1235
2013,2013-03-24,6,0,6,1098,0,1241
2013,2013-03-25,17,0,18,1115,0,1259
2013,2013-03-26,28,0,29,1143,0,1288
2013,2013-03-27,16,0,21,1159,0,1309
2013,2013-03-28,27,0,28,1186,0,1337
2013,2013-04-01,14,0,14,1200,0,1351
2013,2013-04-02,34,0,37,1234,0,1388
2013,2013-04-03,15,0,17,1249,0,1405
2013,2013-04-04,48,0,50,1297,0,1455
2013,2013-04-05,28,0,30,1325,0,1485
2013,2013-04-08,20,0,23,1345,0,1508
2013,2013-04-09,19,0,19,1364,0,1527
2013,2013-04-10,22,0,22,1386,0,1549
2013,2013-04-11,25,0,26,1411,0,1575
2013,2013-04-12,14,0,16,1425,0,1591
2013,2013-04-15,6,0,10,1431,0,1601
2013,2013-04-16,19,0,19,1450,0,1620
2013,2013-04-17,10,0,10,1460,0,1630
2013,2013-04-18,20,0,20,1480,0,1650
2013,2013-04-19,8,0,8,1488,0,1658
2013,2013-04-21,1,0,1,1489,0,1659
2013,2013-04-22,28,0,28,1517,0,1687
2013,2013-04-23,20,0,21,1537,0,1708
2013,2013-04-24,33,0,35,1570,0,1743
2013,2013-04-25,42,0,43,1612,0,1786
2013,2013-04-26,25,0,25,1637,0,1811
2013,2013-04-29,17,0,19,1654,0,1830
2013,2013-04-30,31,0,34,1685,0,1864
2013,2013-05-01,34,0,38,1719,0,1902
2013,2013-05-02,41,0,43,1760,0,1945
2013,2013-05-03,9,0,9,1769,0,1954
2013,2013-05-06,33,0,34,1802,0,1988
2013,2013-05-07,32,0,35,1834,0,2023
2013,2013-05-08,41,1,43,1875,1,2066
2013,2013-05-09,36,0,40,1911,1,2106
2013,2013-05-10,6,0,6,1917,1,2112
2013,2013-05-13,23,0,24,1940,1,2136
2013,2013-05-14,31,0,31,1971,1,2167
2013,2013-05-15,46,0,46,2017,1,2213
2013,2013-05-16,22,1,23,2039,2,2236
2013,2013-05-17,14,0,15,2053,2,2251
2013,2013-05-20,4,0,4,2057,2,2255
2013,2013-05-21,26,0,26,2083,2,2281
2013,2013-05-22,38,0,38,2121,2,2319
2013,2013-05-23,42,0,44,2163,2,2363
2013,2013-05-24,13,0,13,2176,2,2376
2013,2013-05-27,8,0,8,2184,2,2384
2013,2013-05-28,26,0,26,2210,2,2410
2013,2013-05-29,23,0,25,2233,2,2435
2013,2013-05-30,36,0,37,2269,2,2472
2013,2013-05-31,4,0,4,2273,2,2476
2013,2013-06-03,18,0,18,2291,2,2494
2013,2013-06-04,36,0,38,2327,2,2532
2013,2013-06-05,26,0,26,2353,2,2558
2013,2013-06-06,27,0,27,2380,2,2585
2013,2013-06-07,10,0,10,2390,2,2595
2013,2013-06-10,1,0,1,2391,2,2596
2013,2013-06-11,7,0,8,2398,2,2604
2013,2013-06-12,35,0,37,2433,2,2641
2013,2013-06-13,32,0,32,2465,2,2673
2013,2013-06-14,7,0,12,2472,2,2685
2013,2013-06-17,13,0,13,2485,2,2698
2013,2013-06-18,30,0,31,2515,2,2729
2013,2013-06-19,29,0,29,2544,2,2758
2013,2013-06-20,20,0,20,2564,2,2778
2013,2013-07-02,8,0,12,2572,2,2790
2013,2013-07-03,4,0,7,2576,2,2797
2013,2013-07-04,0,0,14,2576,2,2811
2013,2013-07-05,9,0,15,2585,2,2826
2013,2013-07-08,31,0,44,2616,2,2870
2013,2013-07-09,28,0,55,2644,2,2925
2013,2013-07-10,19,0,32,2663,2,2957
2013,2013-07-11,37,0,39,2700,2,2996
2013,2013-07-12,17,0,66,2717,2,3062
2013,2013-07-14,0,0,1,2717,2,3063
2013,2013-07-15,23,0,29,2740,2,3092
2013,2013-07-16,13,0,16,2753,2,3108
2013,2013-07-17,63,0,70,2816,2,3178
2013,2013-07-18,31,0,47,2847,2,3225
2013,2013-07-19,47,0,54,2894,2,3279
2013,2013-07-22,14,0,20,2908,2,3299
2013,2013-07-23,31,0,38,2939,2,3337
2013,2013-07-24,21,0,27,2960,2,3364
2013,2013-07-25,13,0,13,2973,2,3377
2013,2013-07-26,13,0,14,2986,2,3391
2013,2013-07-29,11,0,11,2997,2,3402
2013,2013-07-30,11,0,14,3008,2,3416
2013,2013-07-31,17,0,19,3025,2,3435
2013,2013-08-01,15,0,33,3040,2,3468
2013,2013-08-02,20,0,23,3060,2,3491
2013,2013-08-04,9,0,9,3069,2,3500
2013,2013-08-06,9,0,9,3078,2,3509
2013,2013-08-07,13,0,21,3091,2,3530
2013,2013-08-08,16,0,18,3107,2,3548
2013,2013-08-09,3,0,3,3110,2,3551
2013,2013-08-12,22,0,26,3132,2,3577
2013,2013-08-13,22,0,23,3154,2,3600
2013,2013-08-14,27,0,27,3181,2,3627
2013,2013-08-15,13,0,27,3194,2,3654
2013,2013-08-16,23,0,23,3217,2,3677
2013,2013-08-17,8,0,10,3225,2,3687
2013,2013-08-18,14,0,15,3239,2,3702
2013,2013-08-19,24,0,25,3263,2,3727
2013,2013-08-20,14,0,17,3277,2,3744
2013,2013-08-21,26,0,33,3303,2,3777
2013,2013-08-22,27,0,28,3330,2,3805
2013,2013-08-23,12,0,12,3342,2,3817
2013,2013-08-24,6,0,6,3348,2,3823
2013,2013-08-25,22,0,29,3370,2,3852
2013,2013-08-26,17,0,21,3387,2,3873
2013,2013-08-27,16,0,22,3403,2,3895
2013,2013-08-28,34,0,35,3437,2,3930
2013,2013-08-29,27,0,38,3464,2,3968
2013,2013-08-30,3,0,3,3467,2,3971
2013,2013-09-03,17,0,23,3484,2,3994
2013,2013-09-04,28,0,29,3512,2,4023
2013,2013-09-05,34,0,38,3546,2,4061
2013,2013-09-06,14,0,14,3560,2,4075
2013,2013-09-08,8,0,8,3568,2,4083
2013,2013-09-09,32,0,32,3600,2,4115
2013,2013-09-10,27,0,33,3627,2,4148
2013,2013-09-11,26,0,30,3653,2,4178
2013,2013-09-12,38,0,41,3691,2,4219
2013,2013-09-13,22,0,22,3713,2,4241
2013,2013-09-16,4,0,4,3717,2,4245
2013,2013-09-17,24,0,25,3741,2,4270
2013,2013-09-18,19,0,19,3760,2,4289
2013,2013-09-19,39,0,41,3799,2,4330
2013,2013-09-20,6,0,6,3805,2,4336
2013,2013-09-22,10,0,10,3815,2,4346
2013,2013-09-23,27,0,28,3842,2,4374
2013,2013-09-24,35,0,35,3877,2,4409
2013,2013-09-25,20,0,23,3897,2,4432
2013,2013-09-26,36,0,38,3933,2,4470
2013,2013-09-27,13,0,13,3946,2,4483
2013,2013-09-30,15,0,16,3961,2,4499
2013,2013-10-01,14,0,14,3975,2,4513
2013,2013-10-02,21,0,21,3996,2,4534
2013,2013-10-03,30,0,31,4026,2,4565
2013,2013-10-04,18,0,20,4044,2,4585
2013,2013-10-06,5,0,5,4049,2,4590
2013,2013-10-07,15,0,18,4064,2,4608
2013,2013-10-08,26,0,26,4090,2,4634
2013,2013-10-09,31,1,31,4121,3,4665
2013,2013-10-10,28,0,29,4149,3,4694
2013,2013-10-11,9,0,9,4158,3,4703
2013,2013-10-15,29,0,32,4187,3,4735
2013,2013-10-16,8,0,8,4195,3,4743
2013,2013-10-17,24,2,24,4219,5,4767
2013,2013-10-18,11,2,13,4230,7,4780
2013,2013-10-21,34,0,34,4264,7,4814
2013,2013-10-22,25,2,27,4289,9,4841
2013,2013-10-23,45,4,46,4334,13,4887
2013,2013-10-24,26,0,27,4360,13,4914
2013,2013-10-25,17,0,20,4377,13,4934
2013,2013-10-28,17,1,18,4394,14,4952
2013,2013-10-29,24,3,27,4418,17,4979
2013,2013-10-30,50,2,54,4468,19,5033
2013,2013-10-31,12,2,17,4480,21,5050
2013,2013-11-01,35,0,36,4515,21,5086
2013,2013-11-04,13,1,16,4528,22,5102
2013,2013-11-05,52,17,55,4580,39,5157
2013,2013-11-06,22,0,25,4602,39,5182
2013,2013-11-07,15,1,17,4617,40,5199
2013,2013-11-08,19,3,20,4636,43,5219
2013,2013-11-12,14,0,15,4650,43,5234
2013,2013-11-13,20,1,20,4670,44,5254
2013,2013-11-14,33,1,35,4703,45,5289
2013,2013-11-15,11,4,12,4714,49,5301
2013,2013-11-17,2,0,2,4716,49,5303
2013,2013-11-18,15,8,20,4731,57,5323
2013,2013-11-19,18,8,18,4749,65,5341
2013,2013-11-20,19,4,21,4768,69,5362
2013,2013-11-21,33,4,34,4801,73,5396
2013,2013-11-22,16,5,17,4817,78,5413
2013,2013-11-25,17,10,18,4834,88,5431
2013,2013-11-26,19,15,20,4853,103,5451
2013,2013-11-27,32,15,36,4885,118,5487
2013,2013-11-28,17,2,17,4902,120,5504
2013,2013-11-29,11,0,12,4913,120,5516
2013,2013-12-02,24,0,27,4937,120,5543
2013,2013-12-03,12,2,14,4949,122,5557
2013,2013-12-04,21,0,24,4970,122,5581
2013,2013-12-05,40,13,46,5010,135,5627
2013,2013-12-06,39,30,45,5049,165,5672
2013,2013-12-09,15,7,17,5064,172,5689
2013,2013-12-10,20,3,25,5084,175,5714
2013,2013-12-11,34,9,36,5118,184,5750
2013,2013-12-12,25,14,28,5143,198,5778
2013,2013-12-13,3,1,5,5146,199,5783
2013,2013-12-16,13,6,16,5159,205,5799
2013,2013-12-17,32,12,41,5191,217,5840
2013,2013-12-18,22,8,24,5213,225,5864
2013,2013-12-19,20,3,25,5233,228,5889
2013,2013-12-20,7,5,11,5240,233,5900
2013,2013-12-23,3,2,6,5243,235,5906
2013,2013-12-24,0,0,1,5243,235,5907
2013,2013-12-27,5,4,5,5248,239,5912
2013,2013-12-30,5,6,8,5253,245,5920
2013,2013-12-31,11,3,11,5264,248,5931
2014,2014-01-02,8,7,11,8,7,11
2014,2014-01-03,10,8,14,18,15,25
2014,2014-01-06,17,7,26,35,22,51
2014,2014-01-07,23,2,23,58,24,74
2014,2014-01-08,42,11,46,100,35,120
2014,2014-01-09,24,13,26,124,48,146
2014,2014-01-10,8,5,11,132,53,157
2014,2014-01-13,35,8,41,167,61,198
2014,2014-01-14,17,10,20,184,71,218
2014,2014-01-15,42,6,50,226,77,268
2014,2014-01-16,43,8,47,269,85,315
2014,2014-01-17,20,6,26,289,91,341
2014,2014-01-20,20,19,24,309,110,365
2014,2014-01-21,26,23,33,335,133,398
2014,2014-01-22,20,9,23,355,142,421
2014,2014-01-23,32,24,39,387,166,460
2014,2014-01-24,19,7,22,406,173,482
2014,2014-01-27,23,8,28,429,181,510
2014,2014-01-28,19,15,24,448,196,534
2014,2014-01-29,28,6,32,476,202,566
2014,2014-01-30,16,4,17,492,206,583
2014,2014-01-31,8,5,8,500,211,591
2014,2014-02-03,26,10,27,526,221,618
2014,2014-02-04,26,15,27,552,236,645
2014,2014-02-05,52,33,57,604,269,702
2014,2014-02-06,25,17,27,629,286,729
2014,2014-02-07,13,6,13,642,292,742
2014,2014-02-10,21,5,25,663,297,767
2014,2014-02-11,19,4,19,682,301,786
2014,2014-02-12,10,0,10,692,301,796
2014,2014-02-13,20,12,20,712,313,816
2014,2014-02-14,18,5,21,730,318,837
2014,2014-02-18,15,8,15,745,326,852
2014,2014-02-19,32,23,40,777,349,892
2014,2014-02-20,25,22,33,802,371,925
2014,2014-02-21,17,8,18,819,379,943
2014,2014-02-24,24,15,26,843,394,969
2014,2014-02-25,16,15,17,859,409,986
2014,2014-02-26,37,16,38,896,425,1024
2014,2014-02-27,11,8,17,907,433,1041
2014,2014-02-28,11,4,15,918,437,1056
2014,2014-03-03,19,9,21,937,446,1077
2014,2014-03-04,28,29,35,965,475,1112
2014,2014-03-05,39,32,44,1004,507,1156
2014,2014-03-06,21,20,24,1025,527,1180
2014,2014-03-07,8,7,9,1033,534,1189
2014,2014-03-09,5,0,5,1038,534,1194
2014,2014-03-10,32,12,33,1070,546,1227
2014,2014-03-11,18,3,18,1088,549,1245
2014,2014-03-12,19,11,19,1107,560,1264
2014,2014-03-13,14,0,14,1121,560,1278
2014,2014-03-14,5,1,5,1126,561,1283
2014,2014-03-17,7,5,10,1133,566,1293
2014,2014-03-18,8,6,9,1141,572,1302
2014,2014-03-19,28,13,31,1169,585,1333
2014,2014-03-20,24,16,26,1193,601,1359
2014,2014-03-21,3,1,4,1196,602,1363
2014,2014-03-23,6,0,6,1202,602,1369
2014,2014-03-24,19,12,23,1221,614,1392
2014,2014-03-25,12,11,13,1233,625,1405
2014,2014-03-26,42,27,45,1275,652,1450
2014,2014-03-27,9,7,10,1284,659,1460
2014,2014-03-28,13,5,15,1297,664,1475
2014,2014-03-31,16,5,19,1313,669,1494
2014,2014-04-01,20,23,25,1333,692,1519
2014,2014-04-02,29,13,31,1362,705,1550
2014,2014-04-03,20,13,21,1382,718,1571
2014,2014-04-04,12,9,15,1394,727,1586
2014,2014-04-07,20,16,23,1414,743,1609
2014,2014-04-08,26,25,30,1440,768,1639
2014,2014-04-09,30,13,31,1470,781,1670
2014,2014-04-10,22,14,24,1492,795,1694
2014,2014-04-11,24,9,25,1516,804,1719
2014,2014-04-14,11,3,13,1527,807,1732
2014,2014-04-15,29,23,29,1556,830,1761
2014,2014-04-16,35,25,37,1591,855,1798
2014,2014-04-17,22,21,28,1613,876,1826
2014,2014-04-21,15,5,15,1628,881,1841
2014,2014-04-22,21,22,24,1649,903,1865
2014,2014-04-23,32,16,33,1681,919,1898
2014,2014-04-24,26,15,29,1707,934,1927
2014,2014-04-25,12,12,14,1719,946,1941
2014,2014-04-28,13,5,14,1732,951,1955
2014,2014-04-29,21,20,22,1753,971,1977
2014,2014-04-30,28,19,31,1781,990,2008
2014,2014-05-01,15,15,16,1796,1005,2024
2014,2014-05-02,10,7,10,1806,1012,2034
2014,2014-05-05,23,4,24,1829,1016,2058
2014,2014-05-06,29,28,31,1858,1044,2089
2014,2014-05-07,37,23,41,1895,1067,2130
2014,2014-05-08,27,18,27,1922,1085,2157
2014,2014-05-09,7,6,7,1929,1091,2164
2014,2014-05-12,16,15,21,1945,1106,2185
2014,2014-05-13,19,18,22,1964,1124,2207
2014,2014-05-14,37,24,37,2001,1148,2244
2014,2014-05-15,20,13,21,2021,1161,2265
2014,2014-05-16,9,8,9,2030,1169,2274
2014,2014-05-20,17,9,20,2047,1178,2294
2014,2014-05-21,19,17,22,2066,1195,2316
2014,2014-05-22,24,1,24,2090,1196,2340
2014,2014-05-23,18,12,21,2108,1208,2361
2014,2014-05-24,3,0,3,2111,1208,2364
2014,2014-05-26,30,13,33,2141,1221,2397
2014,2014-05-27,30,25,32,2171,1246,2429
2014,2014-05-28,33,18,35,2204,1264,2464
2014,2014-05-29,20,15,26,2224,1279,2490
2014,2014-05-30,19,18,21,2243,1297,2511
2014,2014-06-02,11,11,12,2254,1308,2523
2014,2014-06-03,12,10,12,2266,1318,2535
2014,2014-06-04,23,18,25,2289,1336,2560
2014,2014-06-05,22,24,27,2311,1360,2587
2014,2014-06-06,7,6,8,2318,1366,2595
2014,2014-06-09,17,8,19,2335,1374,2614
2014,2014-06-10,34,38,38,2369,1412,2652
2014,2014-06-11,13,11,14,2382,1423,2666
2014,2014-06-12,29,19,29,2411,1442,2695
2014,2014-06-13,13,8,15,2424,1450,2710
2014,2014-06-16,7,2,7,2431,1452,2717
2014,2014-06-17,28,25,31,2459,1477,2748
2014,2014-06-18,27,23,30,2486,1500,2778
2014,2014-06-19,16,14,20,2502,1514,2798
2014,2014-06-20,9,8,10,2511,1522,2808
2014,2014-06-21,1,0,2,2512,1522,2810
2014,2014-06-22,6,0,6,2518,1522,2816
2014,2014-06-23,10,7,12,2528,1529,2828
2014,2014-06-24,17,12,17,2545,1541,2845
2014,2014-06-25,24,6,27,2569,1547,2872
2014,2014-06-26,29,23,34,2598,1570,2906
2014,2014-06-27,14,7,17,2612,1577,2923
2014,2014-06-30,27,14,29,2639,1591,2952
2014,2014-07-01,4,4,4,2643,1595,2956
2014,2014-07-02,27,17,31,2670,1612,2987
2014,2014-07-03,14,10,17,2684,1622,3004
2014,2014-07-04,20,11,21,2704,1633,3025
2014,2014-07-07,12,5,13,2716,1638,3038
2014,2014-07-08,20,4,21,2736,1642,3059
2014,2014-07-09,23,21,28,2759,1663,3087
2014,2014-07-10,36,15,37,2795,1678,3124
2014,2014-07-11,14,10,20,2809,1688,3144
2014,2014-07-12,6,3,7,2815,1691,3151
2014,2014-07-13,5,4,6,2820,1695,3157
2014,2014-07-14,30,9,31,2850,1704,3188
2014,2014-07-15,41,23,44,2891,1727,3232
2014,2014-07-16,29,20,30,2920,1747,3262
2014,2014-07-17,29,26,31,2949,1773,3293
2014,2014-07-18,6,1,6,2955,1774,3299
2014,2014-07-21,7,2,7,2962,1776,3306
2014,2014-07-22,21,20,21,2983,1796,3327
2014,2014-07-23,27,18,32,3010,1814,3359
2014,2014-07-24,34,33,38,3044,1847,3397
2014,2014-07-25,24,20,24,3068,1867,3421
2014,2014-07-26,14,13,17,3082,1880,3438
2014,2014-07-27,7,7,7,3089,1887,3445
2014,2014-07-28,26,19,26,3115,1906,3471
2014,2014-07-29,39,41,42,3154,1947,3513
2014,2014-07-30,32,30,34,3186,1977,3547
2014,2014-07-31,29,29,30,3215,2006,3577
2014,2014-08-01,35,37,40,3250,2043,3617
2014,2014-08-05,25,20,28,3275,2063,3645
2014,2014-08-06,8,2,8,3283,2065,3653
2014,2014-08-07,14,8,19,3297,2073,3672
2014,2014-08-08,6,6,6,3303,2079,3678
2014,2014-08-10,1,1,1,3304,2080,3679
2014,2014-08-11,16,6,18,3320,2086,3697
2014,2014-08-12,32,28,36,3352,2114,3733
2014,2014-08-13,34,24,36,3386,2138,3769
2014,2014-08-14,26,26,30,3412,2164,3799
2014,2014-08-15,20,13,24,3432,2177,3823
2014,2014-08-18,14,12,15,3446,2189,3838
2014,2014-08-19,34,36,38,3480,2225,3876
2014,2014-08-20,22,23,24,3502,2248,3900
2014,2014-08-21,24,21,28,3526,2269,3928
2014,2014-08-22,14,13,15,3540,2282,3943
2014,2014-08-25,10,6,14,3550,2288,3957
2014,2014-08-26,42,42,45,3592,2330,4002
2014,2014-08-27,37,28,38,3629,2358,4040
2014,2014-08-28,13,12,14,3642,2370,4054
2014,2014-08-29,6,2,9,3648,2372,4063
2014,2014-09-02,12,3,12,3660,2375,4075
2014,2014-09-03,20,15,22,3680,2390,4097
2014,2014-09-04,23,11,29,3703,2401,4126
2014,2014-09-05,6,3,7,3709,2404,4133
2014,2014-09-08,17,12,22,3726,2416,4155
2014,2014-09-09,14,16,18,3740,2432,4173
2014,2014-09-10,1,2,5,3741,2434,4178
2014,2014-09-11,22,21,25,3763,2455,4203
2014,2014-09-12,9,5,12,3772,2460,4215
2014,2014-09-15,11,5,12,3783,2465,4227
2014,2014-09-16,20,18,23,3803,2483,4250
2014,2014-09-17,7,8,8,3810,2491,4258
2014,2014-09-18,6,6,6,3816,2497,4264
2014,2014-09-19,12,7,15,3828,2504,4279
2014,2014-09-22,23,21,24,3851,2525,4303
2014,2014-09-23,17,13,18,3868,2538,4321
2014,2014-09-24,12,12,14,3880,2550,4335
2014,2014-09-25,11,8,14,3891,2558,4349
2014,2014-09-26,18,13,18,3909,2571,4367
2014,2014-09-29,19,12,21,3928,2583,4388
2014,2014-09-30,11,13,16,3939,2596,4404
2014,2014-10-01,24,21,27,3963,2617,4431
2014,2014-10-02,26,27,29,3989,2644,4460
2014,2014-10-03,8,4,8,3997,2648,4468
2014,2014-10-06,15,14,19,4012,2662,4487
2014,2014-10-07,21,15,26,4033,2677,4513
2014,2014-10-08,33,33,40,4066,2710,4553
2014,2014-10-09,18,19,20,4084,2729,4573
2014,2014-10-10,19,5,25,4103,2734,4598
2014,2014-10-14,22,19,24,4125,2753,4622
2014,2014-10-15,9,6,13,4134,2759,4635
2014,2014-10-16,9,7,12,4143,2766,4647
2014,2014-10-17,18,12,19,4161,2778,4666
2014,2014-10-18,1,0,3,4162,2778,4669
2014,2014-10-20,27,16,27,4189,2794,4696
2014,2014-10-21,27,30,33,4216,2824,4729
2014,2014-10-22,32,31,38,4248,2855,4767
2014,2014-10-23,43,28,49,4291,2883,4816
2014,2014-10-24,5,2,6,4296,2885,4822
2014,2014-10-25,2,4,4,4298,2889,4826
2014,2014-10-26,8,0,8,4306,2889,4834
2014,2014-10-27,21,8,24,4327,2897,4858
2014,2014-10-28,13,12,15,4340,2909,4873
2014,2014-10-29,20,18,22,4360,2927,4895
2014,2014-10-30,36,15,36,4396,2942,4931
2014,2014-10-31,11,11,12,4407,2953,4943
2014,2014-11-02,3,3,3,4410,2956,4946
2014,2014-11-03,9,9,16,4419,2965,4962
2014,2014-11-04,29,18,34,4448,2983,4996
2014,2014-11-05,16,17,17,4464,3000,5013
2014,2014-11-06,27,22,31,4491,3022,5044
2014,2014-11-07,16,14,18,4507,3036,5062
2014,2014-11-10,13,13,15,4520,3049,5077
2014,2014-11-12,42,29,45,4562,3078,5122
2014,2014-11-13,26,23,34,4588,3101,5156
2014,2014-11-14,8,3,9,4596,3104,5165
2014,2014-11-17,16,17,21,4612,3121,5186
2014,2014-11-18,20,17,21,4632,3138,5207
2014,2014-11-19,41,20,42,4673,3158,5249
2014,2014-11-20,22,19,23,4695,3177,5272
2014,2014-11-21,19,13,20,4714,3190,5292
2014,2014-11-24,16,12,16,4730,3202,5308
2014,2014-11-25,16,17,23,4746,3219,5331
2014,2014-11-26,12,8,15,4758,3227,5346
2014,2014-11-27,22,27,30,4780,3254,5376
2014,2014-11-28,10,11,11,4790,3265,5387
2014,2014-12-01,13,12,16,4803,3277,5403
2014,2014-12-02,24,11,24,4827,3288,5427
2014,2014-12-03,23,26,26,4850,3314,5453
2014,2014-12-04,12,16,16,4862,3330,5469
2014,2014-12-05,18,15,20,4880,3345,5489
2014,2014-12-08,15,4,17,4895,3349,5506
2014,2014-12-09,14,15,15,4909,3364,5521
2014,2014-12-10,25,24,30,4934,3388,5551
2014,2014-12-11,19,14,23,4953,3402,5574
2014,2014-12-12,21,22,23,4974,3424,5597
2014,2014-12-15,13,8,14,4987,3432,5611
2014,2014-12-16,29,29,32,5016,3461,5643
2014,2014-12-17,13,9,13,5029,3470,5656
2014,2014-12-18,32,15,36,5061,3485,5692
2014,2014-12-19,10,9,11,5071,3494,5703
2014,2014-12-22,5,6,8,5076,3500,5711
2014,2014-12-23,8,5,8,5084,3505,5719
2014,2014-12-24,1,1,1,5085,3506,5720
2014,2014-12-29,14,10,16,5099,3516,5736
2014,2014-12-30,10,13,15,5109,3529,5751
2014,2014-12-31,8,9,9,5117,3538,5760
2015,2015-01-02,10,9,11,10,9,11
2015,2015-01-05,11,6,12,21,15,23
2015,2015-01-06,29,28,38,50,43,61
2015,2015-01-07,17,15,18,67,58,79
2015,2015-01-08,15,15,16,82,73,95
2015,2015-01-09,4,4,4,86,77,99
2015,2015-01-12,22,8,25,108,85,124
2015,2015-01-13,16,16,19,124,101,143
2015,2015-01-14,8,9,11,132,110,154
2015,2015-01-15,10,1,14,142,111,168
2015,2015-01-16,6,5,6,148,116,174
2015,2015-01-19,6,6,6,154,122,180
2015,2015-01-20,3,3,4,157,125,184
2015,2015-01-21,12,12,16,169,137,200
2015,2015-01-22,11,3,14,180,140,214
2015,2015-01-23,9,8,9,189,148,223
2015,2015-01-26,6,6,7,195,154,230
2015,2015-01-27,3,3,4,198,157,234
2015,2015-01-28,3,4,5,201,161,239
2015,2015-01-29,19,12,26,220,173,265
2015,2015-01-30,1,1,3,221,174,268
2015,2015-02-02,3,2,4,224,176,272
2015,2015-02-03,17,17,21,241,193,293
2015,2015-02-04,11,5,16,252,198,309
2015,2015-02-05,8,8,8,260,206,317
2015,2015-02-06,0,0,1,260,206,318
2015,2015-02-09,14,17,17,274,223,335
2015,2015-02-10,12,12,12,286,235,347
2015,2015-02-11,18,9,24,304,244,371
2015,2015-02-12,5,6,7,309,250,378
2015,2015-02-13,1,0,1,310,250,379
2015,2015-02-17,23,20,25,333,270,404
2015,2015-02-18,24,21,26,357,291,430
2015,2015-02-19,24,22,28,381,313,458
2015,2015-02-20,11,11,12,392,324,470
2015,2015-02-23,10,12,16,402,336,486
2015,2015-02-24,23,22,26,425,358,512
2015,2015-02-25,18,20,22,443,378,534
2015,2015-02-26,19,18,19,462,396,553
2015,2015-02-27,25,25,26,487,421,579
2015,2015-03-02,14,14,19,501,435,598
2015,2015-03-03,24,25,29,525,460,627
2015,2015-03-04,28,17,32,553,477,659
2015,2015-03-05,14,13,17,567,490,676
2015,2015-03-06,1,3,7,568,493,683
2015,2015-03-09,23,15,27,591,508,710
2015,2015-03-10,21,23,23,612,531,733
2015,2015-03-11,27,24,29,639,555,762
2015,2015-03-12,28,31,33,667,586,795
2015,2015-03-13,15,15,17,682,601,812
2015,2015-03-16,16,17,19,698,618,831
2015,2015-03-17,26,17,28,724,635,859
2015,2015-03-18,7,6,7,731,641,866
2015,2015-03-19,11,12,12,742,653,878
2015,2015-03-20,5,2,5,747,655,883
2015,2015-03-23,14,14,15,761,669,898
2015,2015-03-24,10,17,17,771,686,915
2015,2015-03-25,7,8,9,778,694,924
2015,2015-03-26,12,8,15,790,702,939
2015,2015-03-27,12,6,13,802,708,952
2015,2015-03-30,5,7,7,807,715,959
2015,2015-03-31,28,20,28,835,735,987
2015,2015-04-01,12,6,12,847,741,999
2015,2015-04-02,15,16,18,862,757,1017
2015,2015-04-03,5,5,5,867,762,1022
2015,2015-04-06,2,0,2,869,762,1024
2015,2015-04-07,8,10,10,877,772,1034
2015,2015-04-08,0,2,2,877,774,1036
2015,2015-04-09,5,3,6,882,777,1042
2015,2015-04-10,6,6,8,888,783,1050
2015,2015-04-13,4,2,5,892,785,1055
2015,2015-04-14,9,9,9,901,794,1064
2015,2015-04-15,6,5,7,907,799,1071
2015,2015-04-16,15,15,15,922,814,1086
2015,2015-04-17,3,2,3,925,816,1089
2015,2015-04-18,1,1,1,926,817,1090
2015,2015-04-20,13,14,16,939,831,1106
2015,2015-04-21,12,12,12,951,843,1118
2015,2015-04-22,8,3,8,959,846,1126
2015,2015-04-23,17,10,17,976,856,1143
2015,2015-04-24,14,14,15,990,870,1158
2015,2015-04-27,4,4,4,994,874,1162
2015,2015-04-28,6,4,8,1000,878,1170
2015,2015-04-29,6,5,7,1006,883,1177
2015,2015-04-30,15,15,18,1021,898,1195
2015,2015-05-01,1,1,2,1022,899,1197
2015,2015-05-04,15,15,16,1037,914,1213
2015,2015-05-05,16,17,19,1053,931,1232
2015,2015-05-06,16,15,20,1069,946,1252
2015,2015-05-07,12,3,12,1081,949,1264
2015,2015-05-08,12,12,13,1093,961,1277
2015,2015-05-11,1,0,2,1094,961,1279
2015,2015-05-12,15,16,17,1109,977,1296
2015,2015-05-13,10,9,10,1119,986,1306
2015,2015-05-14,8,5,8,1127,991,1314
2015,2015-05-19,7,6,8,1134,997,1322
2015,2015-05-20,10,7,11,1144,1004,1333
2015,2015-05-21,10,5,10,1154,1009,1343
2015,2015-05-22,4,1,4,1158,1010,1347
2015,2015-05-25,10,3,10,1168,1013,1357
2015,2015-05-26,19,11,21,1187,1024,1378
2015,2015-05-27,11,6,12,1198,1030,1390
2015,2015-05-28,10,10,15,1208,1040,1405
2015,2015-05-29,10,7,10,1218,1047,1415
2015,2015-06-01,8,10,11,1226,1057,1426
2015,2015-06-02,17,18,19,1243,1075,1445
2015,2015-06-03,10,10,10,1253,1085,1455
2015,2015-06-04,15,17,17,1268,1102,1472
2015,2015-06-05,8,7,10,1276,1109,1482
2015,2015-06-08,10,8,10,1286,1117,1492
2015,2015-06-09,13,7,14,1299,1124,1506
2015,2015-06-10,8,3,10,1307,1127,1516
2015,2015-06-11,7,5,7,1314,1132,1523
2015,2015-06-12,9,9,9,1323,1141,1532
2015,2015-06-15,6,7,7,1329,1148,1539
2015,2015-06-16,11,13,13,1340,1161,1552
2015,2015-06-17,0,0,2,1340,1161,1554
2015,2015-06-18,26,21,29,1366,1182,1583
2015,2015-06-19,9,8,11,1375,1190,1594
2015,2015-06-22,8,9,9,1383,1199,1603
2015,2015-06-23,24,24,27,1407,1223,1630
2015,2015-06-24,13,11,15,1420,1234,1645
2015,2015-06-25,10,9,11,1430,1243,1656
2015,2015-06-26,11,8,12,1441,1251,1668
2015,2015-06-29,4,5,5,1445,1256,1673
2015,2015-06-30,10,10,10,1455,1266,1683
2015,2015-07-02,14,11,14,1469,1277,1697
2015,2015-07-03,1,2,2,1470,1279,1699
2015,2015-07-06,14,11,17,1484,1290,1716
2015,2015-07-07,13,13,14,1497,1303,1730
2015,2015-07-08,20,21,23,1517,1324,1753
2015,2015-07-09,12,10,12,1529,1334,1765
2015,2015-07-10,10,11,12,1539,1345,1777
2015,2015-07-11,1,0,2,1540,1345,1779
2015,2015-07-13,9,8,10,1549,1353,1789
2015,2015-07-14,5,5,7,1554,1358,1796
2015,2015-07-15,10,10,11,1564,1368,1807
2015,2015-07-16,9,6,10,1573,1374,1817
2015,2015-07-17,9,8,10,1582,1382,1827
2015,2015-07-20,22,20,25,1604,1402,1852
2015,2015-07-21,27,12,30,1631,1414,1882
2015,2015-07-22,16,17,24,1647,1431,1906
2015,2015-07-23,8,8,11,1655,1439,1917
2015,2015-07-24,4,5,5,1659,1444,1922
2015,2015-07-27,17,8,18,1676,1452,1940
2015,2015-07-28,21,12,22,1697,1464,1962
2015,2015-07-29,10,11,13,1707,1475,1975
2015,2015-07-30,17,12,18,1724,1487,1993
2015,2015-07-31,5,7,7,1729,1494,2000
2015,2015-08-04,29,29,29,1758,1523,2029
2015,2015-08-05,11,11,11,1769,1534,2040
2015,2015-08-06,11,10,12,1780,1544,2052
2015,2015-08-07,5,5,6,1785,1549,2058
2015,2015-08-10,13,10,14,1798,1559,2072
2015,2015-08-11,14,14,18,1812,1573,2090
2015,2015-08-12,15,11,18,1827,1584,2108
2015,2015-08-13,9,3,9,1836,1587,2117
2015,2015-08-14,14,0,14,1850,1587,2131
2015,2015-08-17,4,3,4,1854,1590,2135
2015,2015-08-18,35,27,37,1889,1617,2172
2015,2015-08-19,16,19,19,1905,1636,2191
2015,2015-08-20,13,13,18,1918,1649,2209
2015,2015-08-21,8,6,8,1926,1655,2217
2015,2015-08-24,4,3,6,1930,1658,2223
2015,2015-08-25,18,16,18,1948,1674,2241
2015,2015-08-26,23,21,26,1971,1695,2267
2015,2015-08-27,18,19,20,1989,1714,2287
2015,2015-08-28,2,0,2,1991,1714,2289
2015,2015-08-31,12,11,16,2003,1725,2305
2015,2015-09-01,22,22,25,2025,1747,2330
2015,2015-09-02,32,20,33,2057,1767,2363
2015,2015-09-03,15,17,19,2072,1784,2382
2015,2015-09-04,4,1,5,2076,1785,2387
2015,2015-09-08,12,17,19,2088,1802,2406
2015,2015-09-09,8,11,13,2096,1813,2419
2015,2015-09-10,14,5,14,2110,1818,2433
2015,2015-09-11,4,4,5,2114,1822,2438
2015,2015-09-14,6,11,11,2120,1833,2449
2015,2015-09-15,5,6,10,2125,1839,2459
2015,2015-09-16,19,12,23,2144,1851,2482
2015,2015-09-17,18,18,20,2162,1869,2502
2015,2015-09-18,5,5,5,2167,1874,2507
2015,2015-09-21,6,7,9,2173,1881,2516
2015,2015-09-22,17,13,17,2190,1894,2533
2015,2015-09-23,8,12,12,2198,1906,2545
2015,2015-09-24,7,6,8,2205,1912,2553
2015,2015-09-25,0,1,3,2205,1913,2556
2015,2015-09-28,2,0,2,2207,1913,2558
2015,2015-09-30,12,11,12,2219,1924,2570
2015,2015-10-01,30,29,32,2249,1953,2602
2015,2015-10-02,5,6,6,2254,1959,2608
2015,2015-10-05,19,21,23,2273,1980,2631
2015,2015-10-06,11,13,16,2284,1993,2647
2015,2015-10-07,30,37,40,2314,2030,2687
2015,2015-10-08,17,15,19,2331,2045,2706
2015,2015-10-09,3,3,6,2334,2048,2712
2015,2015-10-13,20,12,25,2354,2060,2737
2015,2015-10-14,10,9,13,2364,2069,2750
2015,2015-10-15,11,15,15,2375,2084,2765
2015,2015-10-16,5,8,8,2380,2092,2773
2015,2015-10-19,3,4,4,2383,2096,2777
2015,2015-10-20,18,18,19,2401,2114,2796
2015,2015-10-21,22,18,25,2423,2132,2821
2015,2015-10-22,13,14,14,2436,2146,2835
2015,2015-10-23,5,3,5,2441,2149,2840
2015,2015-10-26,11,8,12,2452,2157,2852
2015,2015-10-27,17,15,22,2469,2172,2874
2015,2015-10-28,12,13,15,2481,2185,2889
2015,2015-10-29,18,18,21,2499,2203,2910
2015,2015-10-30,3,5,6,2502,2208,2916
2015,2015-10-31,0,1,1,2502,2209,2917
2015,2015-11-02,14,20,21,2516,2229,2938
2015,2015-11-03,17,18,22,2533,2247,2960
2015,2015-11-04,8,10,14,2541,2257,2974
2015,2015-11-05,12,7,12,2553,2264,2986
2015,2015-11-06,9,4,12,2562,2268,2998
2015,2015-11-09,7,6,9,2569,2274,3007
2015,2015-11-10,16,12,17,2585,2286,3024
2015,2015-11-12,2,1,3,2587,2287,3027
2015,2015-11-13,5,1,6,2592,2288,3033
2015,2015-11-16,11,7,13,2603,2295,3046
2015,2015-11-17,18,17,22,2621,2312,3068
2015,2015-11-18,4,5,10,2625,2317,3078
2015,2015-11-19,6,4,9,2631,2321,3087
2015,2015-11-20,11,9,15,2642,2330,3102
2015,2015-11-24,7,6,8,2649,2336,3110
2015,2015-11-25,9,9,11,2658,2345,3121
2015,2015-11-26,9,6,11,2667,2351,3132
2015,2015-11-27,3,5,5,2670,2356,3137
2015,2015-11-30,5,6,11,2675,2362,3148
2015,2015-12-01,2,3,3,2677,2365,3151
2015,2015-12-02,7,6,11,2684,2371,3162
2015,2015-12-03,6,6,9,2690,2377,3171
2015,2015-12-04,2,2,9,2692,2379,3180
2015,2015-12-07,12,16,16,2704,2395,3196
2015,2015-12-08,9,7,10,2713,2402,3206
2015,2015-12-09,3,3,5,2716,2405,3211
2015,2015-12-10,15,16,19,2731,2421,3230
2015,2015-12-11,4,5,7,2735,2426,3237
2015,2015-12-14,7,8,15,2742,2434,3252
2015,2015-12-15,20,19,23,2762,2453,3275
2015,2015-12-16,18,16,23,2780,2469,3298
2015,2015-12-17,7,8,11,2787,2477,3309
2015,2015-12-18,5,6,7,2792,2483,3316
2015,2015-12-21,11,11,14,2803,2494,3330
2015,2015-12-22,15,16,16,2818,2510,3346
2015,2015-12-23,20,22,25,2838,2532,3371
2015,2015-12-24,2,4,4,2840,2536,3375
2015,2015-12-28,10,19,19,2850,2555,3394
2015,2015-12-29,11,15,15,2861,2570,3409
2015,2015-12-30,13,17,17,2874,2587,3426
2015,2015-12-31,3,4,5,2877,2591,3431
2016,2016-01-04,9,9,9,9,9,9
2016,2016-01-05,17,21,22,26,30,31
2016,2016-01-06,13,19,19,39,49,50
2016,2016-01-07,16,21,21,55,70,71
2016,2016-01-08,4,5,5,59,75,76
2016,2016-01-11,4,3,5,63,78,81
2016,2016-01-12,18,23,29,81,101,110
2016,2016-01-13,8,8,14,89,109,124
2016,2016-01-14,6,9,10,95,118,134
2016,2016-01-15,4,5,7,99,123,141
2016,2016-01-18,6,7,9,105,130,150
2016,2016-01-19,14,9,15,119,139,165
2016,2016-01-20,14,17,18,133,156,183
2016,2016-01-21,13,12,19,146,168,202
2016,2016-01-22,5,6,6,151,174,208
2016,2016-01-25,11,13,13,162,187,221
2016,2016-01-26,8,12,15,170,199,236
2016,2016-01-27,7,13,13,177,212,249
2016,2016-01-28,7,7,9,184,219,258
2016,2016-01-29,3,3,4,187,222,262
2016,2016-02-01,8,8,8,195,230,270
2016,2016-02-02,17,17,21,212,247,291
2016,2016-02-03,10,14,14,222,261,305
2016,2016-02-04,5,3,6,227,264,311
2016,2016-02-05,6,8,8,233,272,319
2016,2016-02-08,10,9,16,243,281,335
2016,2016-02-09,6,7,8,249,288,343
2016,2016-02-10,9,10,12,258,298,355
2016,2016-02-11,10,9,10,268,307,365
2016,2016-02-12,3,1,3,271,308,368
2016,2016-02-16,9,13,14,280,321,382
2016,2016-02-17,2,4,4,282,325,386
2016,2016-02-18,8,7,12,290,332,398
2016,2016-02-19,7,12,13,297,344,411
2016,2016-02-22,4,6,6,301,350,417
2016,2016-02-23,7,11,11,308,361,428
2016,2016-02-24,8,11,15,316,372,443
2016,2016-02-25,11,10,14,327,382,457
2016,2016-02-26,7,7,7,334,389,464
2016,2016-02-29,2,3,4,336,392,468
2016,2016-03-01,17,15,20,353,407,488
2016,2016-03-02,14,12,14,367,419,502
2016,2016-03-03,8,7,9,375,426,511
2016,2016-03-04,3,2,3,378,428,514
2016,2016-03-07,6,6,7,384,434,521
2016,2016-03-08,10,8,10,394,442,531
2016,2016-03-09,9,7,9,403,449,540
2016,2016-03-10,11,13,13,414,462,553
2016,2016-03-11,7,5,8,421,467,561
2016,2016-03-14,1,1,1,422,468,562
2016,2016-03-15,6,7,7,428,475,569
2016,2016-03-16,7,8,8,435,483,577
2016,2016-03-17,4,6,6,439,489,583
2016,2016-03-18,2,1,2,441,490,585
2016,2016-03-19,2,2,2,443,492,587
2016,2016-03-21,4,4,4,447,496,591
2016,2016-03-22,3,4,6,450,500,597
2016,2016-03-23,16,16,19,466,516,616
2016,2016-03-24,2,2,3,468,518,619
2016,2016-03-28,2,2,2,470,520,621
2016,2016-03-29,3,4,4,473,524,625
2016,2016-03-30,3,3,5,476,527,630
2016,2016-03-31,10,13,17,486,540,647
2016,2016-04-01,4,3,5,490,543,652
2016,2016-04-04,9,8,11,499,551,663
2016,2016-04-05,12,9,13,511,560,676
2016,2016-04-06,6,6,8,517,566,684
2016,2016-04-07,13,7,14,530,573,698
2016,2016-04-08,3,3,3,533,576,701
2016,2016-04-11,8,8,9,541,584,710
2016,2016-04-12,7,8,11,548,592,721
2016,2016-04-13,5,6,6,553,598,727
2016,2016-04-14,8,9,10,561,607,737
2016,2016-04-15,3,2,3,564,609,740
2016,2016-04-18,1,5,5,565,614,745
2016,2016-04-19,1,1,1,566,615,746
2016,2016-04-20,10,15,17,576,630,763
2016,2016-04-21,9,10,11,585,640,774
2016,2016-04-22,1,0,5,586,640,779
2016,2016-04-25,6,4,6,592,644,785
2016,2016-04-26,8,7,8,600,651,793
2016,2016-04-27,4,6,6,604,657,799
2016,2016-04-28,8,8,12,612,665,811
2016,2016-05-02,7,8,11,619,673,822
2016,2016-05-03,21,26,28,640,699,850
2016,2016-05-04,8,8,8,648,707,858
2016,2016-05-05,19,16,20,667,723,878
2016,2016-05-06,2,2,3,669,725,881
2016,2016-05-09,4,9,12,673,734,893
2016,2016-05-10,20,15,22,693,749,915
2016,2016-05-11,11,17,17,704,766,932
2016,2016-05-12,8,10,12,712,776,944
2016,2016-05-13,2,6,10,714,782,954
2016,2016-05-16,9,10,11,723,792,965
2016,2016-05-17,9,3,9,732,795,974
2016,2016-05-18,6,8,8,738,803,982
2016,2016-05-19,14,19,20,752,822,1002
2016,2016-05-20,7,9,10,759,831,1012
2016,2016-05-24,18,19,20,777,850,1032
2016,2016-05-25,21,21,24,798,871,1056
2016,2016-05-26,14,13,15,812,884,1071
2016,2016-05-27,11,13,15,823,897,1086
2016,2016-05-30,14,17,18,837,914,1104
2016,2016-05-31,26,27,29,863,941,1133
2016,2016-06-01,5,5,5,868,946,1138
2016,2016-06-02,0,1,1,868,947,1139
2016,2016-06-03,6,4,6,874,951,1145
2016,2016-06-06,16,12,16,890,963,1161
2016,2016-06-07,19,18,20,909,981,1181
2016,2016-06-08,16,11,19,925,992,1200
2016,2016-06-09,11,12,12,936,1004,1212
2016,2016-06-10,10,8,14,946,1012,1226
2016,2016-06-11,2,2,2,948,1014,1228
2016,2016-06-12,2,2,2,950,1016,1230
2016,2016-06-13,10,5,11,960,1021,1241
2016,2016-06-14,8,2,8,968,1023,1249
2016,2016-06-15,16,8,18,984,1031,1267
2016,2016-06-16,11,5,12,995,1036,1279
2016,2016-06-17,9,10,10,1004,1046,1289
2016,2016-06-18,0,1,1,1004,1047,1290
2016,2016-06-20,14,15,17,1018,1062,1307
2016,2016-06-21,13,11,18,1031,1073,1325
2016,2016-06-22,8,7,10,1039,1080,1335
2016,2016-06-23,25,23,29,1064,1103,1364
2016,2016-06-24,12,14,16,1076,1117,1380
2016,2016-06-27,8,8,9,1084,1125,1389
2016,2016-06-28,22,26,28,1106,1151,1417
2016,2016-06-29,5,7,8,1111,1158,1425
2016,2016-06-30,6,4,7,1117,1162,1432
2016,2016-07-04,5,3,5,1122,1165,1437
2016,2016-07-05,10,6,12,1132,1171,1449
2016,2016-07-06,13,9,13,1145,1180,1462
2016,2016-07-07,9,9,10,1154,1189,1472
2016,2016-07-08,4,5,8,1158,1194,1480
2016,2016-07-11,22,22,25,1180,1216,1505
2016,2016-07-12,24,27,28,1204,1243,1533
2016,2016-07-13,17,22,25,1221,1265,1558
2016,2016-07-14,16,23,23,1237,1288,1581
2016,2016-07-15,11,12,13,1248,1300,1594
2016,2016-07-18,8,7,9,1256,1307,1603
2016,2016-07-19,18,27,29,1274,1334,1632
2016,2016-07-20,12,15,17,1286,1349,1649
2016,2016-07-21,10,8,11,1296,1357,1660
2016,2016-07-22,6,5,7,1302,1362,1667
2016,2016-07-25,11,9,13,1313,1371,1680
2016,2016-07-26,15,18,19,1328,1389,1699
2016,2016-07-27,9,8,10,1337,1397,1709
2016,2016-07-28,8,8,10,1345,1405,1719
2016,2016-07-29,7,5,7,1352,1410,1726
2016,2016-08-02,7,4,9,1359,1414,1735
2016,2016-08-03,16,18,19,1375,1432,1754
2016,2016-08-04,15,16,16,1390,1448,1770
2016,2016-08-05,4,5,5,1394,1453,1775
2016,2016-08-08,6,7,11,1400,1460,1786
2016,2016-08-09,7,9,10,1407,1469,1796
2016,2016-08-10,9,10,10,1416,1479,1806
2016,2016-08-11,10,8,11,1426,1487,1817
2016,2016-08-12,5,4,6,1431,1491,1823
2016,2016-08-15,14,20,22,1445,1511,1845
2016,2016-08-16,17,19,20,1462,1530,1865
2016,2016-08-17,13,14,18,1475,1544,1883
2016,2016-08-18,27,26,30,1502,1570,1913
2016,2016-08-19,5,5,7,1507,1575,1920
2016,2016-08-22,12,5,14,1519,1580,1934
2016,2016-08-23,15,14,16,1534,1594,1950
2016,2016-08-24,12,13,13,1546,1607,1963
2016,2016-08-25,1,1,1,1547,1608,1964
2016,2016-08-26,13,13,13,1560,1621,1977
2016,2016-08-29,5,3,6,1565,1624,1983
2016,2016-08-30,13,12,14,1578,1636,1997
2016,2016-08-31,18,15,20,1596,1651,2017
2016,2016-09-01,4,6,9,1600,1657,2026
2016,2016-09-02,5,5,5,1605,1662,2031
2016,2016-09-06,8,11,14,1613,1673,2045
2016,2016-09-07,25,21,27,1638,1694,2072
2016,2016-09-08,22,24,25,1660,1718,2097
2016,2016-09-09,16,16,17,1676,1734,2114
2016,2016-09-12,16,19,21,1692,1753,2135
2016,2016-09-13,11,10,12,1703,1763,2147
2016,2016-09-14,22,20,23,1725,1783,2170
2016,2016-09-15,12,8,13,1737,1791,2183
2016,2016-09-16,17,15,19,1754,1806,2202
2016,2016-09-19,12,10,13,1766,1816,2215
2016,2016-09-20,18,14,20,1784,1830,2235
2016,2016-09-21,14,10,14,1798,1840,2249
2016,2016-09-22,25,23,26,1823,1863,2275
2016,2016-09-23,8,7,8,1831,1870,2283
2016,2016-09-26,14,14,14,1845,1884,2297
2016,2016-09-27,19,20,20,1864,1904,2317
2016,2016-09-28,9,7,9,1873,1911,2326
2016,2016-09-29,4,1,4,1877,1912,2330
2016,2016-09-30,10,9,10,1887,1921,2340
2016,2016-10-03,14,14,14,1901,1935,2354
2016,2016-10-04,17,14,17,1918,1949,2371
2016,2016-10-05,14,12,14,1932,1961,2385
2016,2016-10-06,18,12,19,1950,1973,2404
2016,2016-10-07,12,9,13,1962,1982,2417
2016,2016-10-11,14,18,18,1976,2000,2435
